Ref_14
t	x	y
1.398436333E2	1.383432132E3	8.629327549E2
1.398769444E2	1.384292919E3	8.517567874E2
1.399102556E2	1.384732808E3	8.432977755E2
1.399435667E2	1.385053946E3	8.379429051E2
1.399768778E2	1.385083080E3	8.337185490E2
1.400101889E2	1.385646528E3	8.292485112E2
1.400435000E2	1.385851327E3	8.244805089E2
1.400768111E2	1.386037647E3	8.208094473E2
1.401101222E2	1.386167251E3	8.157955525E2
1.401434333E2	1.386964025E3	8.116792054E2
1.401767444E2	1.387084343E3	8.094149028E2
1.402100556E2	1.387202743E3	8.069964096E2
1.402433778E2	1.387124081E3	8.055551864E2
1.402766889E2	1.387095223E3	8.046043228E2
1.403100000E2	1.387296631E3	8.033703096E2
1.403433111E2	1.387391953E3	8.019392619E2
1.403766222E2	1.387314937E3	7.985351817E2
1.404099333E2	1.387529363E3	7.960488915E2
1.404432444E2	1.387510376E3	7.952318443E2
1.404765556E2	1.387682958E3	7.934693788E2
1.405098667E2	1.387478214E3	7.908156805E2
1.405431778E2	1.387988049E3	7.859568925E2
1.405764889E2	1.388487010E3	7.761176542E2
1.406098000E2	1.389679949E3	7.571475978E2
1.406431111E2	1.388663765E3	7.275260628E2
1.406764222E2	1.392281916E3	7.073952415E2
1.407097444E2	1.393593876E3	6.942383410E2
1.407430556E2	1.394631631E3	6.794283533E2
1.407763667E2	1.396106180E3	6.641986041E2
1.408096778E2	1.397102590E3	6.553841541E2
1.408429889E2	1.397433706E3	6.488885815E2
1.408763000E2	1.397807680E3	6.431986274E2
1.409096111E2	1.398357786E3	6.378946191E2
1.409429222E2	1.398832227E3	6.332036684E2
1.409762333E2	1.398845880E3	6.306028973E2
1.410095444E2	1.398770261E3	6.281579281E2
1.410428556E2	1.398946502E3	6.256972877E2
1.410761667E2	1.398750312E3	6.253546257E2
1.411094778E2	1.398992646E3	6.244794727E2
1.411427889E2	1.399021671E3	6.239575112E2
1.411761000E2	1.399363662E3	6.220732984E2
1.412094222E2	1.399457509E3	6.207387640E2
1.412427333E2	1.399524569E3	6.205917053E2
1.412760444E2	1.399457701E3	6.200847286E2
1.413093556E2	1.399677707E3	6.197813675E2
1.413426667E2	1.399514072E3	6.196019254E2
1.413759778E2	1.399678673E3	6.194982416E2
1.414092889E2	1.399675978E3	6.193881343E2
1.414426000E2	1.399599829E3	6.193942002E2
1.414759111E2	1.399576667E3	6.193820809E2
1.415092222E2	1.399676822E3	6.193597887E2
1.415425333E2	1.399593845E3	6.193426514E2
1.415758444E2	1.399556007E3	6.194352450E2
1.416091556E2	1.399610031E3	6.192375719E2
1.416424667E2	1.399691019E3	6.192797481E2
1.416757778E2	1.399583843E3	6.188692332E2
1.417091000E2	1.399570960E3	6.191292439E2
1.417424111E2	1.399686549E3	6.182276619E2
1.417757222E2	1.399779698E3	6.156020837E2
1.418090333E2	1.400405943E3	6.095329109E2
1.418423444E2	1.400784174E3	6.051176321E2
1.418756556E2	1.400942169E3	6.017395557E2
1.419089667E2	1.400960980E3	5.972473840E2
1.419422778E2	1.401486321E3	5.925149693E2
1.419755889E2	1.402028794E3	5.888518705E2
1.420089000E2	1.402913418E3	5.808634884E2
1.420422111E2	1.403865575E3	5.648941063E2
1.420755222E2	1.404779056E3	5.499133144E2
1.421088333E2	1.405866432E3	5.350924406E2
1.421421444E2	1.407018726E3	5.225617263E2
1.421754556E2	1.408047100E3	5.099400282E2
1.422087778E2	1.408925659E3	4.963279246E2
1.422420889E2	1.409597041E3	4.863134793E2
1.422754000E2	1.410729210E3	4.727168171E2
1.423087111E2	1.411997068E3	4.565484350E2
