Ref_7
t	x	y
1.137604333E2	1.392337378E3	8.532582153E2
1.137937556E2	1.392345169E3	8.531899602E2
1.138270556E2	1.392319353E3	8.520627502E2
1.138603778E2	1.392394382E3	8.512100078E2
1.138936889E2	1.392395263E3	8.496064777E2
1.139270000E2	1.392567105E3	8.454365220E2
1.139603111E2	1.392873120E3	8.386557965E2
1.139936222E2	1.393560978E3	8.345313745E2
1.140269333E2	1.393619774E3	8.306496081E2
1.140602444E2	1.393750204E3	8.258503363E2
1.140935556E2	1.393982247E3	8.210550245E2
1.141268667E2	1.394065114E3	8.184502855E2
1.141601778E2	1.394031011E3	8.171773293E2
1.141934889E2	1.393692637E3	8.159665492E2
1.142268000E2	1.394021511E3	8.148016777E2
1.142601111E2	1.393719850E3	8.137373807E2
1.142934333E2	1.393893482E3	8.134401404E2
1.143267444E2	1.393843010E3	8.121901153E2
1.143600556E2	1.393684552E3	8.122524076E2
1.143933667E2	1.393732609E3	8.120633270E2
1.144266778E2	1.393747694E3	8.119788360E2
1.144599889E2	1.393754400E3	8.119337298E2
1.144933000E2	1.393697654E3	8.107638228E2
1.145266111E2	1.393885769E3	8.089275677E2
1.145599222E2	1.393691422E3	8.072939278E2
1.145932333E2	1.393725283E3	8.060252560E2
1.146265444E2	1.393811628E3	8.043552620E2
1.146598556E2	1.393876282E3	8.014315195E2
1.146931667E2	1.393759497E3	7.991808968E2
1.147264778E2	1.394271573E3	7.941680092E2
1.147597889E2	1.394953682E3	7.877533168E2
1.147931111E2	1.395024337E3	7.829439223E2
1.148264222E2	1.395378401E3	7.786475743E2
1.148597333E2	1.395894386E3	7.737487254E2
1.148930444E2	1.396097773E3	7.688048324E2
1.149263556E2	1.396266501E3	7.657928224E2
1.149596667E2	1.396265822E3	7.638712540E2
1.149929778E2	1.396317597E3	7.614639931E2
1.150262889E2	1.396589393E3	7.587489269E2
1.150596000E2	1.396666903E3	7.570136206E2
1.150929111E2	1.397035845E3	7.549364629E2
1.151262222E2	1.397083278E3	7.507538147E2
1.151595333E2	1.397315868E3	7.450870467E2
1.151928444E2	1.397832266E3	7.390865942E2
1.152261556E2	1.398240340E3	7.350131504E2
1.152594667E2	1.398455267E3	7.315625085E2
1.152927889E2	1.398530070E3	7.276695604E2
1.153261000E2	1.398897641E3	7.212859158E2
1.153594111E2	1.399125239E3	7.165304458E2
1.153927222E2	1.399429739E3	7.134113977E2
1.154260333E2	1.399699009E3	7.101988702E2
1.154593444E2	1.399827594E3	7.052372215E2
1.154926556E2	1.400126427E3	7.001973857E2
1.155259667E2	1.400702490E3	6.945482986E2
1.155592778E2	1.401149076E3	6.856101235E2
1.155925889E2	1.401157509E3	6.757815545E2
1.156259000E2	1.401414159E3	6.667107751E2
1.156592111E2	1.401305664E3	6.593464305E2
1.156925222E2	1.403103099E3	6.508966062E2
1.157258333E2	1.404480585E3	6.427200675E2
1.157591556E2	1.405378078E3	6.357203434E2
1.157924667E2	1.405550994E3	6.298991348E2
1.158257778E2	1.406024268E3	6.248354074E2
1.158590889E2	1.406355861E3	6.186565100E2
1.158924000E2	1.407042185E3	6.126748128E2
1.159257111E2	1.407210599E3	6.073214497E2
1.159590222E2	1.407479542E3	6.023182446E2
1.159923333E2	1.407818448E3	5.973548991E2
1.160256444E2	1.408085198E3	5.925732425E2
1.160589556E2	1.408604246E3	5.866726527E2
1.160922667E2	1.409093055E3	5.795767131E2
1.161255778E2	1.409582775E3	5.744638116E2
1.161588889E2	1.410171331E3	5.684744042E2
1.161922000E2	1.409976811E3	5.626963561E2
1.162255111E2	1.410564613E3	5.596143985E2
1.162588333E2	1.410883778E3	5.563628209E2
1.162921444E2	1.410969834E3	5.526707952E2
1.163254556E2	1.411099989E3	5.501076065E2
1.163587667E2	1.411809532E3	5.464514424E2
1.163920778E2	1.411999570E3	5.415333703E2
1.164253889E2	1.412289152E3	5.376941932E2
1.164587000E2	1.412306136E3	5.351234282E2
1.164920111E2	1.412454105E3	5.338897300E2
1.165253222E2	1.412543562E3	5.321190688E2
1.165586333E2	1.412623302E3	5.290380216E2
1.165919444E2	1.413150209E3	5.253741818E2
1.166252556E2	1.413336083E3	5.219174537E2
1.166585667E2	1.413765921E3	5.152342626E2
1.166918778E2	1.414691261E3	5.027957072E2
1.167251889E2	1.414985606E3	4.918758814E2
1.167585111E2	1.415938129E3	4.817277620E2
1.167918222E2	1.416967616E3	4.707178092E2
1.168251333E2	1.417524392E3	4.597423404E2
1.168584444E2	1.418426681E3	4.488307322E2
1.168917556E2	1.419384895E3	4.380564938E2
1.169250667E2	1.419718993E3	4.285248432E2
1.169583778E2	1.420830842E3	4.193984602E2
1.169916889E2	1.421643925E3	4.095172757E2
1.170250000E2	1.422273405E3	3.999081534E2
1.170583111E2	1.423209873E3	3.910198850E2
1.170916222E2	1.423862266E3	3.790559686E2
1.171249333E2	1.424961475E3	3.657857664E2
1.171582444E2	1.426029755E3	3.523198632E2
1.171915556E2	1.427113199E3	3.385061923E2
