Ref_12
t	x	y
1.489710778E2	1.404775675E3	8.355781555E2
1.490043889E2	1.408356387E3	7.838971726E2
1.490377111E2	1.408665747E3	7.654417024E2
1.490710222E2	1.408672689E3	7.547281951E2
1.491043333E2	1.409111129E3	7.519006031E2
1.491376444E2	1.408917812E3	7.499446274E2
1.491709556E2	1.409235508E3	7.440581631E2
1.492042667E2	1.409736649E3	7.389521898E2
1.492375778E2	1.409833576E3	7.373097243E2
1.492708889E2	1.410357760E3	7.356241160E2
1.493042000E2	1.410459936E3	7.360306744E2
1.493375111E2	1.410518814E3	7.361108889E2
1.493708222E2	1.410569556E3	7.361258672E2
1.494041333E2	1.410641636E3	7.360980690E2
1.494374444E2	1.410828875E3	7.359653562E2
1.494707556E2	1.410778122E3	7.349607431E2
1.495040667E2	1.410875211E3	7.337034167E2
1.495373889E2	1.411104495E3	7.334836756E2
1.495707000E2	1.411037352E3	7.334392584E2
1.496040111E2	1.410851915E3	7.325435860E2
1.496373222E2	1.410948538E3	7.312748937E2
1.496706333E2	1.411105327E3	7.285529435E2
1.497039444E2	1.411479211E3	7.262160867E2
1.497372556E2	1.411941820E3	7.215667708E2
1.497705667E2	1.412178263E3	7.200618755E2
1.498038778E2	1.412158286E3	7.200511841E2
1.498371889E2	1.412112096E3	7.168206303E2
1.498705000E2	1.412086551E3	7.088352249E2
1.499038111E2	1.412206851E3	6.995137364E2
1.499371222E2	1.414188775E3	6.879798396E2
1.499704333E2	1.415709498E3	6.738878489E2
1.500037556E2	1.416897863E3	6.629987621E2
1.500370667E2	1.417562536E3	6.513190030E2
1.500703778E2	1.418312375E3	6.405547504E2
1.501036889E2	1.418887337E3	6.292759366E2
1.501370000E2	1.419766302E3	6.145195974E2
1.501703111E2	1.421433943E3	5.945539547E2
1.502036222E2	1.423280385E3	5.696886897E2
1.502369333E2	1.424876835E3	5.458627554E2
1.502702444E2	1.425796632E3	5.358519665E2
1.503035556E2	1.426328269E3	5.269608365E2
1.503368667E2	1.427164193E3	5.150794333E2
1.503701778E2	1.428223091E3	5.050741801E2
1.504034889E2	1.428623299E3	4.962278367E2
1.504368000E2	1.429518652E3	4.875169466E2
1.504701111E2	1.430437388E3	4.775469823E2
1.505034333E2	1.431070702E3	4.654101285E2
1.505367444E2	1.433084975E3	4.449663563E2
1.505700556E2	1.434648370E3	4.255464969E2
1.506033667E2	1.435735015E3	4.107352289E2
1.506366778E2	1.437396156E3	3.884805772E2
1.506699889E2	1.440480778E3	3.511819974E2
1.507033000E2	1.443711555E3	3.115996651E2
1.507366111E2	1.446148289E3	2.826287040E2
