Wire_13
t	x	y
1.568326778E2	1.005868810E3	8.408349021E2
1.568660000E2	1.007077146E3	8.381748315E2
1.568993111E2	1.006973065E3	8.347008969E2
1.569326222E2	1.006162990E3	8.319927910E2
1.569659333E2	1.007173724E3	8.283015628E2
1.569992444E2	1.007998459E3	8.254698373E2
1.570325556E2	1.006970992E3	8.246813747E2
1.570658667E2	1.006916798E3	8.237320835E2
1.570991778E2	1.008259492E3	8.232349994E2
1.571324889E2	1.007355120E3	8.213857051E2
1.571658000E2	1.007172485E3	8.200053522E2
1.571991111E2	1.007521422E3	8.192861599E2
1.572324222E2	1.007776377E3	8.184138054E2
1.572657333E2	1.007073351E3	8.174251519E2
1.572990444E2	1.007363864E3	8.170509073E2
1.573323556E2	1.008162878E3	8.159647002E2
1.573656778E2	1.007283306E3	8.148209343E2
1.573989889E2	1.007178100E3	8.134294339E2
1.574323000E2	1.007550343E3	8.121497249E2
1.574656111E2	1.008185873E3	8.108521623E2
1.574989222E2	1.007371796E3	8.098485362E2
1.575322333E2	1.007645099E3	8.096599275E2
1.575655444E2	1.007382307E3	8.091728396E2
1.575988556E2	1.007465719E3	8.069043624E2
1.576321667E2	1.007402899E3	8.060432629E2
1.576654778E2	1.007905093E3	8.063463381E2
1.576987889E2	1.007390430E3	8.058153702E2
1.577321000E2	1.007450617E3	8.060700083E2
1.577654111E2	1.008342463E3	8.064853850E2
1.577987222E2	1.007427177E3	8.087111808E2
1.578320444E2	1.006965847E3	8.108545409E2
1.578653556E2	1.007718132E3	8.119390124E2
1.578986667E2	1.007562882E3	8.132068053E2
1.579319778E2	1.006816674E3	8.159064902E2
1.579652889E2	1.007124776E3	8.169549075E2
1.579986000E2	1.007466576E3	8.172325561E2
1.580319111E2	1.007264034E3	8.173016753E2
1.580652222E2	1.007139259E3	8.177678362E2
1.580985333E2	1.007026052E3	8.185340196E2
1.581318444E2	1.007065233E3	8.182263877E2
1.581651556E2	1.007113954E3	8.185059561E2
1.581984667E2	1.007241971E3	8.181455038E2
1.582317778E2	1.006905831E3	8.172386853E2
1.582650889E2	1.007136581E3	8.156196482E2
1.582984000E2	1.007362337E3	8.138020171E2
1.583317222E2	1.007332029E3	8.132527814E2
1.583650333E2	1.006649909E3	8.116738039E2
1.583983444E2	1.007149229E3	8.109184822E2
1.584316556E2	1.008261763E3	8.093138817E2
1.584649667E2	1.007070711E3	8.086069045E2
1.584982778E2	1.007107855E3	8.077460084E2
1.585315889E2	1.007204644E3	8.064187013E2
1.585649000E2	1.008290858E3	8.044123664E2
1.585982111E2	1.006802216E3	8.178849260E2
1.586315222E2	1.007173050E3	8.176402570E2
1.586648333E2	1.007148272E3	8.155675908E2
1.586981444E2	1.007308653E3	8.131995665E2
1.587314556E2	1.007006653E3	8.157863040E2
1.587647667E2	1.007251848E3	8.132167148E2
1.587980778E2	1.007186720E3	8.132272736E2
1.588314000E2	1.006995396E3	8.159395424E2
1.588647111E2	1.007875614E3	8.100284597E2
1.588980222E2	1.007266769E3	8.135698089E2
1.589313333E2	1.007375261E3	8.071097114E2
1.589646444E2	1.007186419E3	8.167479944E2
1.589979556E2	1.007527164E3	8.101154275E2
1.590312667E2	1.007535898E3	8.101626010E2
1.590645778E2	1.007289351E3	8.159246622E2
1.590978889E2	1.007484617E3	8.088998180E2
1.591312000E2	1.007393320E3	8.137158719E2
1.591645111E2	1.008122461E3	8.160521852E2
1.591978222E2	1.007378373E3	8.107575633E2
1.592311333E2	1.008446389E3	8.074537907E2
1.592644556E2	1.008104802E3	8.114429457E2
1.592977556E2	1.008597372E3	8.102047991E2
1.593310778E2	1.009068804E3	8.104237917E2
1.593643889E2	1.009979876E3	8.103505131E2
1.593977000E2	1.009916400E3	8.163572660E2
1.594310111E2	1.009503288E3	8.082553039E2
1.594643222E2	1.010585742E3	8.126270576E2
1.594976333E2	1.010887905E3	8.115940132E2
1.595309444E2	1.013040469E3	8.108412076E2
1.595642556E2	1.017771510E3	8.139920185E2
1.595975667E2	1.025304731E3	8.262500459E2
1.596308778E2	1.027482671E3	8.205962293E2
1.596641889E2	1.033060644E3	8.331509886E2
1.596975000E2	1.039984665E3	8.373839146E2
