Wire_14
t	x	y
1.659268222E2	9.929345845E2	8.424627597E2
1.659601333E2	9.923774797E2	8.385281247E2
1.659934444E2	9.924452637E2	8.339050503E2
1.660267556E2	9.928986654E2	8.296839336E2
1.660600667E2	9.928642872E2	8.253446902E2
1.660933778E2	9.932143757E2	8.203245125E2
1.661266889E2	9.935549230E2	8.152564959E2
1.661600111E2	9.936300881E2	8.126937898E2
1.661933222E2	9.942869947E2	8.104548386E2
1.662266333E2	9.945957763E2	8.100572568E2
1.662599444E2	9.943209269E2	8.103422722E2
1.662932556E2	9.939322545E2	8.098679287E2
1.663265667E2	9.948555286E2	8.087141694E2
1.663598778E2	9.956529596E2	8.080352873E2
1.663931889E2	9.941230163E2	8.084596097E2
1.664265000E2	9.951227465E2	8.080058070E2
1.664598111E2	9.967846659E2	8.067239690E2
1.664931222E2	9.957834757E2	8.067111834E2
1.665264333E2	9.954282865E2	8.066576195E2
1.665597444E2	9.958357441E2	8.074080130E2
1.665930556E2	9.956548549E2	8.074090458E2
1.666263667E2	9.953511751E2	8.066546711E2
1.666596889E2	9.963691003E2	8.075007239E2
1.666930000E2	9.960015355E2	8.090697988E2
1.667263111E2	9.957632050E2	8.101127414E2
1.667596222E2	9.955995553E2	8.113757201E2
1.667929333E2	9.963527779E2	8.137992108E2
1.668262444E2	9.962778816E2	8.139036122E2
1.668595556E2	9.960314526E2	8.163136912E2
1.668928667E2	9.964996778E2	8.174319783E2
1.669261778E2	9.963853774E2	8.183387309E2
1.669594889E2	9.966277515E2	8.180174957E2
1.669928000E2	9.967027416E2	8.168989629E2
1.670261111E2	9.970319575E2	8.165412512E2
1.670594222E2	9.960015640E2	8.167910731E2
1.670927444E2	9.965535239E2	8.173756521E2
1.671260556E2	9.966829614E2	8.170196545E2
1.671593667E2	9.967177370E2	8.166260877E2
1.671926778E2	9.966102967E2	8.163078091E2
1.672259889E2	9.965689927E2	8.163874423E2
1.672593000E2	9.975199656E2	8.159680314E2
1.672926111E2	9.964887177E2	8.156760933E2
1.673259222E2	9.967149231E2	8.151637414E2
1.673592333E2	9.969915865E2	8.139539797E2
1.673925444E2	9.973061593E2	8.125640607E2
1.674258556E2	9.960381288E2	8.115193844E2
1.674591667E2	9.970517016E2	8.106116995E2
1.674924778E2	9.970955636E2	8.064436482E2
1.675257889E2	9.958951188E2	7.983259214E2
1.675591000E2	9.948068099E2	8.115544079E2
1.675924222E2	9.944040093E2	8.061795473E2
1.676257333E2	9.948583826E2	8.002953580E2
1.676590444E2	9.939913707E2	7.931246729E2
1.676923556E2	9.907179335E2	8.249501567E2
1.677256667E2	9.904362386E2	8.212281630E2
1.677589778E2	9.905429382E2	8.173196722E2
1.677922889E2	9.909921956E2	8.155468927E2
1.678256000E2	9.903897340E2	8.139460735E2
1.678589111E2	9.911998661E2	8.115908055E2
1.678922222E2	9.907191231E2	8.088507330E2
1.679255333E2	9.915088236E2	8.052504635E2
1.679588444E2	9.903399462E2	8.026337508E2
1.679921556E2	9.906089597E2	8.001966595E2
1.680254667E2	9.913953379E2	7.963316113E2
1.680587778E2	9.904521123E2	7.909896645E2
1.680921000E2	9.881932626E2	8.214078294E2
1.681254111E2	9.880432462E2	8.101605119E2
1.681587222E2	9.880239072E2	8.089695864E2
1.681920333E2	9.857357286E2	8.184168950E2
1.682253444E2	9.877526954E2	8.152602230E2
1.682586556E2	1.030349612E3	8.301414095E2
1.682919667E2	1.030742079E3	8.389694363E2
1.683252778E2	1.030409752E3	8.399556533E2
1.683585889E2	1.030484140E3	8.406400750E2
1.683919000E2	1.031004249E3	8.400278567E2
