Ref_6
t	x	y
1.008354333E2	1.390525645E3	8.715826023E2
1.008687444E2	1.391618696E3	8.580988308E2
1.009020556E2	1.392670533E3	8.408033472E2
1.009353667E2	1.393414974E3	8.302484399E2
1.009686778E2	1.393868892E3	8.230686939E2
1.010019889E2	1.394136753E3	8.158828436E2
1.010353000E2	1.394752444E3	8.093734040E2
1.010686111E2	1.395215876E3	8.023067426E2
1.011019333E2	1.395606634E3	7.959356296E2
1.011352444E2	1.395742296E3	7.909160486E2
1.011685556E2	1.396466368E3	7.847816706E2
1.012018667E2	1.396700612E3	7.797370839E2
1.012351778E2	1.396889502E3	7.745480242E2
1.012684889E2	1.397021702E3	7.722966980E2
1.013018000E2	1.396947158E3	7.708127265E2
1.013351111E2	1.396891406E3	7.690296296E2
1.013684222E2	1.397174584E3	7.647612403E2
1.014017333E2	1.397679671E3	7.574512386E2
1.014350444E2	1.398198291E3	7.477450778E2
1.014683556E2	1.399163629E3	7.396950162E2
1.015016667E2	1.399483634E3	7.334724448E2
1.015349778E2	1.399478593E3	7.309221070E2
1.015682889E2	1.399486298E3	7.291300729E2
1.016016111E2	1.399326127E3	7.275257797E2
1.016349222E2	1.399436027E3	7.240603087E2
1.016682333E2	1.399974579E3	7.199847347E2
1.017015444E2	1.400355639E3	7.166730688E2
1.017348556E2	1.400470366E3	7.149151340E2
1.017681667E2	1.400433713E3	7.129951038E2
1.018014778E2	1.400606558E3	7.100202271E2
1.018347889E2	1.400772997E3	7.071082110E2
1.018681000E2	1.400651813E3	7.039882982E2
1.019014111E2	1.401191462E3	7.003319274E2
1.019347222E2	1.401721182E3	6.962644138E2
1.019680333E2	1.401672042E3	6.915698830E2
1.020013444E2	1.401923613E3	6.880578045E2
1.020346556E2	1.402130717E3	6.861510092E2
1.020679667E2	1.401951345E3	6.840681176E2
1.021012889E2	1.401975983E3	6.831821076E2
1.021346000E2	1.402020808E3	6.815474333E2
1.021679111E2	1.402005691E3	6.791430129E2
1.022012222E2	1.402378234E3	6.767255546E2
1.022345333E2	1.402787201E3	6.729134505E2
1.022678444E2	1.402832835E3	6.694173949E2
1.023011556E2	1.403383701E3	6.661807103E2
1.023344667E2	1.403115019E3	6.639915226E2
1.023677778E2	1.403156664E3	6.604286439E2
1.024010889E2	1.403876047E3	6.564062335E2
1.024344000E2	1.404068595E3	6.527653517E2
1.024677111E2	1.404308741E3	6.484730031E2
1.025010222E2	1.404431163E3	6.446357472E2
1.025343333E2	1.404570281E3	6.408837326E2
1.025676556E2	1.405277105E3	6.367850103E2
1.026009667E2	1.405614478E3	6.280597306E2
1.026342778E2	1.406725263E3	6.200326698E2
1.026675889E2	1.407239294E3	6.118672027E2
1.027009000E2	1.407877070E3	6.032396708E2
1.027342111E2	1.408206352E3	5.954429424E2
1.027675222E2	1.408907905E3	5.878632750E2
1.028008333E2	1.409208725E3	5.788278711E2
1.028341444E2	1.410289480E3	5.685647194E2
1.028674556E2	1.410417812E3	5.613620588E2
1.029007667E2	1.410885957E3	5.558972145E2
1.029340778E2	1.411630599E3	5.509223862E2
1.029673889E2	1.411799513E3	5.449731955E2
1.030007000E2	1.412546776E3	5.374492840E2
1.030340111E2	1.412940608E3	5.311775014E2
1.030673333E2	1.413179292E3	5.274242862E2
1.031006444E2	1.413068419E3	5.249369093E2
1.031339556E2	1.413190105E3	5.225759492E2
1.031672667E2	1.413373680E3	5.210605587E2
1.032005778E2	1.413113320E3	5.189171534E2
1.032338889E2	1.413415662E3	5.176349126E2
1.032672000E2	1.413124451E3	5.174540236E2
1.033005111E2	1.413012442E3	5.167723750E2
1.033338222E2	1.413028300E3	5.162069313E2
1.033671333E2	1.413413168E3	5.158210922E2
1.034004444E2	1.413091439E3	5.151910595E2
1.034337556E2	1.413029641E3	5.138731451E2
1.034670667E2	1.412986003E3	5.113741826E2
1.035003778E2	1.413300176E3	5.088816643E2
1.035336889E2	1.413920352E3	5.032583667E2
1.035670111E2	1.414242993E3	4.985850664E2
1.036003222E2	1.414274265E3	4.951554437E2
1.036336333E2	1.414547610E3	4.926760674E2
1.036669444E2	1.414900540E3	4.904369500E2
1.037002556E2	1.415102638E3	4.877893510E2
1.037335667E2	1.415395627E3	4.854136292E2
1.037668778E2	1.415372017E3	4.840048195E2
1.038001889E2	1.415485253E3	4.826521703E2
1.038335000E2	1.415455069E3	4.812270559E2
1.038668111E2	1.415476968E3	4.792829868E2
1.039001222E2	1.415627921E3	4.768965918E2
1.039334333E2	1.416020765E3	4.737141325E2
1.039667444E2	1.416556367E3	4.691389777E2
1.040000556E2	1.416774649E3	4.648836466E2
1.040333667E2	1.416863423E3	4.604953094E2
1.040666889E2	1.417504726E3	4.579276440E2
1.041000000E2	1.417768566E3	4.551329187E2
1.041333111E2	1.417912424E3	4.497609238E2
1.041666222E2	1.418434637E3	4.426319422E2
1.041999333E2	1.418939137E3	4.361247573E2
1.042332444E2	1.419379367E3	4.293160697E2
1.042665556E2	1.419828653E3	4.220584867E2
1.042998667E2	1.420742836E3	4.132799802E2
1.043331778E2	1.421417389E3	4.060671807E2
1.043664889E2	1.421752339E3	3.981429998E2
1.043998000E2	1.422585937E3	3.884858436E2
1.044331111E2	1.423247319E3	3.790646275E2
1.044664222E2	1.424134517E3	3.721229814E2
1.044997333E2	1.424342194E3	3.645368978E2
1.045330556E2	1.424994509E3	3.575254203E2
1.045663667E2	1.425919156E3	3.473935313E2
1.045996778E2	1.426537016E3	3.386312661E2
1.046329889E2	1.426831175E3	3.323953013E2
1.046663000E2	1.427450413E3	3.270288999E2
1.046996111E2	1.427763298E3	3.224791004E2
1.047329222E2	1.428166376E3	3.165013287E2
1.047662333E2	1.428922660E3	3.093886945E2
1.047995444E2	1.429406706E3	2.989616824E2
1.048328556E2	1.430430177E3	2.864662731E2
1.048661667E2	1.431423701E3	2.723790948E2
1.048994778E2	1.432841540E3	2.539302899E2
1.049327889E2	1.434107132E3	2.340152311E2
1.049661000E2	1.435510928E3	2.181709877E2
1.049994111E2	1.436659696E3	2.054268447E2
