Wire_6
t	x	y
1.008354333E2	9.801530703E2	8.414869277E2
1.008687444E2	9.793780483E2	8.353666762E2
1.009020556E2	9.810353750E2	8.254532499E2
1.009353667E2	9.809413081E2	8.193239349E2
1.009686778E2	9.793771850E2	8.163553224E2
1.010019889E2	9.804033979E2	8.140244227E2
1.010353000E2	9.813268227E2	8.119348634E2
1.010686111E2	9.800761517E2	8.126157515E2
1.011019333E2	9.805941023E2	8.115093825E2
1.011352444E2	9.815996800E2	8.117155419E2
1.011685556E2	9.803070128E2	8.115201133E2
1.012018667E2	9.813655040E2	8.096187287E2
1.012351778E2	9.814942160E2	8.107891798E2
1.012684889E2	9.815912245E2	8.105432798E2
1.013018000E2	9.806006180E2	8.095522370E2
1.013351111E2	9.814382593E2	8.097344002E2
1.013684222E2	9.817389175E2	8.091519330E2
1.014017333E2	9.799977944E2	8.079052535E2
1.014350444E2	9.812676486E2	8.066964997E2
1.014683556E2	9.826565118E2	8.035163965E2
1.015016667E2	9.811734216E2	8.039150895E2
1.015349778E2	9.810971422E2	8.039443745E2
1.015682889E2	9.822804192E2	8.028879645E2
1.016016111E2	9.817079079E2	8.028253648E2
1.016349222E2	9.815137854E2	8.007792548E2
1.016682333E2	9.815289745E2	8.007119492E2
1.017015444E2	9.814134660E2	8.003573525E2
1.017348556E2	9.816017921E2	7.982206357E2
1.017681667E2	9.813765457E2	7.978408059E2
1.018014778E2	9.819892129E2	7.978016578E2
1.018347889E2	9.806539114E2	7.967293818E2
1.018681000E2	9.805571695E2	7.956238674E2
1.019014111E2	9.824975082E2	7.939709477E2
1.019347222E2	9.809996173E2	7.928365932E2
1.019680333E2	9.801116968E2	7.915422736E2
1.020013444E2	9.815700314E2	7.899523801E2
1.020346556E2	9.815683415E2	7.901901944E2
1.020679667E2	9.799706573E2	7.889287212E2
1.021012889E2	9.812759136E2	7.884350001E2
1.021346000E2	9.825502488E2	7.881245918E2
1.021679111E2	9.812542046E2	7.867681718E2
1.022012222E2	9.810738425E2	7.856347156E2
1.022345333E2	9.816584267E2	7.845358822E2
1.022678444E2	9.825165470E2	7.821098682E2
1.023011556E2	9.809432421E2	7.807173181E2
1.023344667E2	9.816254997E2	7.804592867E2
1.023677778E2	9.823461900E2	7.783094225E2
1.024010889E2	9.808584188E2	7.764125959E2
1.024344000E2	9.815319159E2	7.743775737E2
1.024677111E2	9.820638030E2	7.727180907E2
1.025010222E2	9.816058781E2	7.710671202E2
1.025343333E2	9.813060397E2	7.687788146E2
1.025676556E2	9.818458797E2	7.669958553E2
1.026009667E2	9.814093595E2	7.621847153E2
1.026342778E2	9.811228367E2	7.570840924E2
1.026675889E2	9.812238924E2	7.525762130E2
1.027009000E2	9.820245813E2	7.470394329E2
1.027342111E2	9.805208894E2	7.421329733E2
1.027675222E2	9.799863554E2	7.371596822E2
1.028008333E2	9.816335319E2	7.311228347E2
1.028341444E2	9.801322350E2	7.243822055E2
1.028674556E2	9.792374208E2	7.196282026E2
1.029007667E2	9.793883382E2	7.158903697E2
1.029340778E2	9.801607489E2	7.121812029E2
1.029673889E2	9.792948873E2	7.075347374E2
1.030007000E2	9.786325878E2	7.022091853E2
1.030340111E2	9.794523514E2	6.979597128E2
1.030673333E2	9.786783678E2	6.948562237E2
1.031006444E2	9.785999591E2	6.926343370E2
1.031339556E2	9.790446123E2	6.911970479E2
1.031672667E2	9.789645236E2	6.900099474E2
1.032005778E2	9.775346782E2	6.884195148E2
1.032338889E2	9.789899297E2	6.875538645E2
1.032672000E2	9.789884515E2	6.875306014E2
1.033005111E2	9.774212682E2	6.871286510E2
1.033338222E2	9.780922883E2	6.867791903E2
1.033671333E2	9.792252792E2	6.864957772E2
1.034004444E2	9.785313842E2	6.859644786E2
1.034337556E2	9.774654654E2	6.849689166E2
1.034670667E2	9.782751303E2	6.834790899E2
1.035003778E2	9.786102064E2	6.811695858E2
1.035336889E2	9.772037518E2	6.760624526E2
1.035670111E2	9.778047378E2	6.726104596E2
1.036003222E2	9.777181785E2	6.701812808E2
1.036336333E2	9.774076188E2	6.678351022E2
1.036669444E2	9.774722347E2	6.660512276E2
1.037002556E2	9.778575110E2	6.642763130E2
1.037335667E2	9.774437119E2	6.624097004E2
1.037668778E2	9.764998579E2	6.612569467E2
1.038001889E2	9.772593118E2	6.601427139E2
1.038335000E2	9.775898273E2	6.588220055E2
1.038668111E2	9.763993494E2	6.576147567E2
1.039001222E2	9.764308411E2	6.558525500E2
1.039334333E2	9.773832769E2	6.529742798E2
1.039667444E2	9.763320090E2	6.492585740E2
1.040000556E2	9.759137485E2	6.453636307E2
1.040333667E2	9.762477257E2	6.418749487E2
1.040666889E2	9.763523671E2	6.399156920E2
1.041000000E2	9.753451451E2	6.372791103E2
1.041333111E2	9.749424315E2	6.330026444E2
1.041666222E2	9.756748268E2	6.270948969E2
1.041999333E2	9.748989401E2	6.213942927E2
1.042332444E2	9.742524754E2	6.157736179E2
1.042665556E2	9.743941182E2	6.093421040E2
1.042998667E2	9.732384101E2	6.017167672E2
1.043331778E2	9.726226265E2	5.952773112E2
1.043664889E2	9.724150967E2	5.880906032E2
1.043998000E2	9.717149760E2	5.798024253E2
1.044331111E2	9.706175234E2	5.715859538E2
1.044664222E2	9.692894436E2	5.655459589E2
1.044997333E2	9.690060817E2	5.589094096E2
1.045330556E2	9.687922340E2	5.523249827E2
1.045663667E2	9.676699783E2	5.434124554E2
1.045996778E2	9.674933658E2	5.354981607E2
1.046329889E2	9.662406005E2	5.296536754E2
1.046663000E2	9.655177200E2	5.248817009E2
1.046996111E2	9.654117777E2	5.208980795E2
1.047329222E2	9.649981087E2	5.154441197E2
1.047662333E2	9.641264024E2	5.091530952E2
1.047995444E2	9.627501689E2	4.997367023E2
1.048328556E2	9.614078226E2	4.877611634E2
