Ref_8
t	x	y
1.297501333E2	1.400849669E3	8.729925523E2
1.297834444E2	1.403264145E3	8.391864653E2
1.298167556E2	1.404968862E3	8.034834275E2
1.298500667E2	1.406455520E3	7.814657920E2
1.298833778E2	1.407478863E3	7.625551346E2
1.299166889E2	1.408010062E3	7.561757704E2
1.299500111E2	1.408043974E3	7.527365866E2
1.299833222E2	1.408259758E3	7.500226590E2
1.300166333E2	1.408521823E3	7.497853361E2
1.300499444E2	1.408387643E3	7.496994932E2
1.300832556E2	1.408424820E3	7.495791166E2
1.301165667E2	1.408478609E3	7.497714051E2
1.301498778E2	1.408382797E3	7.498846281E2
1.301831889E2	1.408362128E3	7.499075895E2
1.302165000E2	1.408472707E3	7.497820323E2
1.302498111E2	1.408421103E3	7.498494051E2
1.302831222E2	1.408364218E3	7.498663237E2
1.303164333E2	1.408341932E3	7.499044034E2
1.303497444E2	1.408426505E3	7.497624870E2
1.303830556E2	1.408369575E3	7.496025893E2
1.304163667E2	1.408116640E3	7.490075631E2
1.304496889E2	1.408156179E3	7.490002391E2
1.304830000E2	1.408383312E3	7.487617104E2
1.305163111E2	1.408312857E3	7.487732135E2
1.305496222E2	1.408158628E3	7.488179959E2
1.305829333E2	1.408316212E3	7.487150044E2
1.306162444E2	1.408387938E3	7.486463000E2
1.306495556E2	1.408118968E3	7.478730188E2
1.306828667E2	1.408321649E3	7.475229184E2
1.307161778E2	1.408422299E3	7.473333229E2
1.307494889E2	1.408559887E3	7.471459409E2
1.307828000E2	1.408279022E3	7.465786908E2
1.308161111E2	1.408315771E3	7.461771195E2
1.308494222E2	1.408222207E3	7.454338100E2
1.308827333E2	1.408329317E3	7.437838291E2
1.309160556E2	1.408281794E3	7.400031409E2
1.309493667E2	1.408371770E3	7.344501157E2
1.309826778E2	1.409350606E3	7.300966860E2
1.310159889E2	1.409801618E3	7.275050179E2
1.310493000E2	1.409699134E3	7.238424378E2
1.310826111E2	1.410704654E3	7.178987892E2
1.311159222E2	1.410936966E3	7.125869074E2
1.311492333E2	1.411701458E3	7.055974699E2
1.311825444E2	1.412294742E3	6.969045316E2
1.312158556E2	1.413131743E3	6.903516354E2
1.312491667E2	1.413470627E3	6.873576545E2
1.312824778E2	1.413350017E3	6.853377523E2
1.313157889E2	1.413423293E3	6.836603350E2
1.313491000E2	1.413537299E3	6.814747663E2
1.313824111E2	1.413660698E3	6.777887162E2
1.314157333E2	1.413423987E3	6.755218045E2
1.314490444E2	1.413635320E3	6.732329470E2
1.314823556E2	1.413427554E3	6.709093501E2
1.315156667E2	1.414204048E3	6.703546490E2
1.315489778E2	1.413973384E3	6.682689643E2
1.315822889E2	1.414539692E3	6.654861849E2
1.316156000E2	1.414541277E3	6.631640703E2
1.316489111E2	1.414511895E3	6.618258826E2
1.316822222E2	1.414861984E3	6.599408606E2
1.317155333E2	1.414505913E3	6.583741600E2
1.317488444E2	1.414534250E3	6.574446387E2
1.317821556E2	1.414847090E3	6.553453042E2
1.318154667E2	1.414666766E3	6.533482572E2
1.318487778E2	1.414926048E3	6.504625115E2
1.318820889E2	1.415187298E3	6.493382922E2
1.319154111E2	1.415620894E3	6.464819482E2
1.319487222E2	1.415842470E3	6.419144861E2
1.319820333E2	1.415979125E3	6.392783737E2
1.320153444E2	1.415963125E3	6.377101138E2
1.320486556E2	1.415938959E3	6.368829443E2
1.320819667E2	1.415775730E3	6.359823809E2
1.321152778E2	1.415934756E3	6.354738880E2
1.321485889E2	1.416361453E3	6.341314689E2
1.321819000E2	1.416107598E3	6.330963236E2
1.322152111E2	1.415895249E3	6.320193529E2
1.322485222E2	1.415881029E3	6.311279131E2
1.322818333E2	1.415948054E3	6.306385087E2
1.323151444E2	1.415766022E3	6.298438196E2
1.323484556E2	1.415880623E3	6.294235149E2
1.323817667E2	1.415790078E3	6.287916202E2
1.324150889E2	1.415887837E3	6.282087064E2
1.324484000E2	1.415775576E3	6.263150987E2
1.324817111E2	1.415904102E3	6.255853905E2
1.325150222E2	1.415836790E3	6.247712563E2
1.325483333E2	1.416127440E3	6.232527712E2
1.325816444E2	1.415859991E3	6.220458740E2
1.326149556E2	1.416533659E3	6.206672886E2
1.326482667E2	1.416952857E3	6.178635147E2
1.326815778E2	1.416820051E3	6.150083210E2
1.327148889E2	1.417077985E3	6.120400272E2
1.327482000E2	1.417048642E3	6.086095498E2
1.327815111E2	1.417126520E3	6.050406846E2
1.328148222E2	1.417833891E3	6.021377522E2
1.328481333E2	1.418339214E3	5.981733813E2
1.328814556E2	1.418357655E3	5.945661850E2
1.329147667E2	1.418186845E3	5.921205578E2
1.329480778E2	1.418563694E3	5.895763651E2
1.329813889E2	1.419083046E3	5.883369201E2
1.330147000E2	1.419112901E3	5.862509936E2
1.330480111E2	1.419421947E3	5.845481532E2
1.330813222E2	1.419430832E3	5.831138472E2
1.331146333E2	1.419427734E3	5.822491120E2
1.331479444E2	1.419438481E3	5.810522434E2
1.331812556E2	1.419511644E3	5.798950638E2
1.332145667E2	1.419556298E3	5.787707258E2
1.332478778E2	1.419593004E3	5.772811357E2
1.332811889E2	1.419953828E3	5.723210902E2
1.333145000E2	1.420520422E3	5.639308045E2
1.333478111E2	1.421854319E3	5.479365483E2
1.333811333E2	1.422489142E3	5.364023475E2
1.334144444E2	1.423043348E3	5.292553289E2
1.334477556E2	1.423552958E3	5.204214368E2
1.334810667E2	1.424253324E3	5.105342205E2
1.335143778E2	1.425555072E3	4.977906697E2
1.335476889E2	1.426647668E3	4.851810919E2
1.335810000E2	1.427148300E3	4.741833709E2
1.336143111E2	1.428233050E3	4.627500602E2
1.336476222E2	1.429117166E3	4.516041973E2
1.336809333E2	1.430135061E3	4.417678321E2
1.337142444E2	1.430671444E3	4.295630801E2
1.337475556E2	1.431874296E3	4.159807916E2
1.337808667E2	1.433246028E3	4.018337820E2
1.338141778E2	1.434389998E3	3.858615757E2
1.338474889E2	1.435827049E3	3.662752925E2
1.338808111E2	1.437371661E3	3.506767895E2
1.339141222E2	1.438143237E3	3.375746624E2
1.339474333E2	1.439443334E3	3.257732331E2
1.339807444E2	1.440452504E3	3.160187579E2
1.340140556E2	1.440675618E3	3.082197718E2
1.340473667E2	1.441486853E3	3.025753992E2
