1.398436333E2	9.840797311E2	8.416326171E2
1.398769444E2	9.840154535E2	8.354164201E2
1.399102556E2	9.841306270E2	8.292191250E2
1.399435667E2	9.854032964E2	8.259764673E2
1.399768778E2	9.845042580E2	8.240146474E2
1.400101889E2	9.839607214E2	8.215853518E2
1.400435000E2	9.846409365E2	8.185303575E2
1.400768111E2	9.860870229E2	8.155501597E2
1.401101222E2	9.845466404E2	8.139454344E2
1.401434333E2	9.843362497E2	8.134071165E2
1.401767444E2	9.859044117E2	8.111863652E2
1.402100556E2	9.861874254E2	8.102514543E2
1.402433778E2	9.850906950E2	8.105180941E2
1.402766889E2	9.846401313E2	8.108168578E2
1.403100000E2	9.855742468E2	8.104398902E2
1.403433111E2	9.864355671E2	8.086616400E2
1.403766222E2	9.852899937E2	8.082733463E2
1.404099333E2	9.852773963E2	8.093998955E2
1.404432444E2	9.863580699E2	8.081407769E2
1.404765556E2	9.864901423E2	8.072329461E2
1.405098667E2	9.860629302E2	8.070648102E2
1.405431778E2	9.856111364E2	8.067445167E2
1.405764889E2	9.856665949E2	8.055694137E2
1.406098000E2	9.869275881E2	8.067910217E2
1.406431111E2	9.862755633E2	8.085018247E2
1.406764222E2	9.861924353E2	8.001081642E2
1.407097444E2	9.869430359E2	7.898360882E2
1.407430556E2	9.875162320E2	7.795044570E2
1.407763667E2	9.877360505E2	7.685459118E2
1.408096778E2	9.866237132E2	7.652965982E2
1.408429889E2	9.871324768E2	7.595167359E2
1.408763000E2	9.883016600E2	7.545625970E2
1.409096111E2	9.868443274E2	7.515916813E2
1.409429222E2	9.868372530E2	7.505851165E2
1.409762333E2	9.877893798E2	7.483166965E2
1.410095444E2	9.877224826E2	7.462335819E2
1.410428556E2	9.876057486E2	7.444511153E2
1.410761667E2	9.877280138E2	7.438943670E2
1.411094778E2	9.878700436E2	7.443814800E2
1.411427889E2	9.879970409E2	7.436480824E2
1.411761000E2	9.876864743E2	7.423850725E2
1.412094222E2	9.878595700E2	7.414834105E2
1.412427333E2	9.878225607E2	7.409717607E2
1.412760444E2	9.878415307E2	7.409020434E2
1.413093556E2	9.880960803E2	7.408135288E2
1.413426667E2	9.871171012E2	7.409254590E2
1.413759778E2	9.870960312E2	7.420986245E2
1.414092889E2	9.888193566E2	7.422215300E2
1.414426000E2	9.876944435E2	7.423492255E2
1.414759111E2	9.869769615E2	7.423923573E2
1.415092222E2	9.882038882E2	7.422789017E2
1.415425333E2	9.879154578E2	7.422582271E2
1.415758444E2	9.868446980E2	7.423507558E2
1.416091556E2	9.869943002E2	7.422033771E2
1.416424667E2	9.878060081E2	7.422046586E2
1.416757778E2	9.875115683E2	7.418591073E2
1.417091000E2	9.867004992E2	7.420898137E2
1.417424111E2	9.877672313E2	7.410985119E2
1.417757222E2	9.878390882E2	7.386327889E2
1.418090333E2	9.869845510E2	7.336622146E2
1.418423444E2	9.879065942E2	7.300885599E2
1.418756556E2	9.878035818E2	7.273524019E2
1.419089667E2	9.869059679E2	7.239184823E2
1.419422778E2	9.871471089E2	7.198015015E2
1.419755889E2	9.880079768E2	7.166300058E2
1.420089000E2	9.873668876E2	7.124519967E2
1.420422111E2	9.871423607E2	7.009502887E2
1.420755222E2	9.871101778E2	6.911367974E2
1.421088333E2	9.872146303E2	6.800676320E2
1.421421444E2	9.874996100E2	6.703842182E2
