Wire_15
t	x	y
1.770863000E2	1.025033428E3	8.394189038E2
1.771196111E2	1.024682569E3	8.382596060E2
1.771529222E2	1.025743678E3	8.363629717E2
1.771862333E2	1.026199764E3	8.322297313E2
1.772195444E2	1.024542112E3	8.247507783E2
1.772528556E2	1.024891143E3	8.178763216E2
1.772861667E2	1.026583998E3	8.110476265E2
1.773194778E2	1.025561156E3	8.080156005E2
1.773527889E2	1.024960194E3	8.075190550E2
1.773861111E2	1.026234826E3	8.052687489E2
1.774194222E2	1.027165180E3	8.034370725E2
1.774527333E2	1.026225511E3	8.021636075E2
1.774860444E2	1.026636388E3	8.018588592E2
1.775193556E2	1.027581959E3	8.032444819E2
1.775526667E2	1.026507255E3	8.042944189E2
1.775859778E2	1.026879110E3	8.082825106E2
1.776192889E2	1.027404457E3	8.108556575E2
1.776526000E2	1.026423013E3	8.142864037E2
1.776859111E2	1.026125985E3	8.145687572E2
1.777192222E2	1.026815447E3	8.143992168E2
1.777525333E2	1.027628323E3	8.157768185E2
1.777858444E2	1.026188397E3	8.142683744E2
1.778191556E2	1.026280380E3	8.147456854E2
1.778524667E2	1.027283730E3	8.130591443E2
1.778857889E2	1.026275519E3	8.122374152E2
1.779191000E2	1.026198109E3	8.108425786E2
1.779524111E2	1.026907368E3	8.094919736E2
1.779857222E2	1.026823825E3	8.088348593E2
1.780190333E2	1.025235492E3	8.060138574E2
1.780523444E2	1.026284773E3	8.046277687E2
1.780856556E2	1.026215286E3	8.085240701E2
1.781189667E2	1.026205655E3	8.070097412E2
1.781522778E2	1.026252734E3	8.057044509E2
1.781855889E2	1.026127337E3	8.036470915E2
1.782189000E2	1.026396922E3	7.973025391E2
1.782522111E2	1.025409040E3	7.883294166E2
1.782855222E2	1.020556997E3	8.238687168E2
1.783188333E2	1.020472258E3	8.138884808E2
1.783521556E2	1.020198313E3	8.072389465E2
1.783854667E2	1.020010634E3	8.035932723E2
1.784187778E2	1.020378015E3	7.978530979E2
1.784520889E2	1.020117944E3	7.932665572E2
1.784854000E2	1.017719768E3	8.070650464E2
1.785187111E2	1.020227738E3	8.038689743E2
1.785520222E2	1.018917354E3	8.008560177E2
1.785853333E2	1.018344722E3	7.996059405E2
1.786186444E2	1.019142844E3	7.939929296E2
1.786519556E2	1.017656506E3	8.132477266E2
1.786852667E2	1.017180505E3	8.087409438E2
1.787185778E2	1.017308420E3	8.029909651E2
1.787518889E2	1.017032365E3	8.119382727E2
1.787852000E2	1.016226836E3	8.085458141E2
1.788185111E2	1.016273700E3	8.128812983E2
1.788518333E2	1.014582736E3	8.161393931E2
