Wire_7
t	x	y
1.137604333E2	9.905632255E2	8.411700234E2
1.137937556E2	9.900832813E2	8.411774506E2
1.138270556E2	9.896347546E2	8.408048720E2
1.138603778E2	9.906381018E2	8.399844677E2
1.138936889E2	9.905780982E2	8.393936740E2
1.139270000E2	9.891655478E2	8.365811485E2
1.139603111E2	9.913591668E2	8.323717064E2
1.139936222E2	9.906997889E2	8.296294641E2
1.140269333E2	9.906332815E2	8.272840875E2
1.140602444E2	9.904543143E2	8.241683461E2
1.140935556E2	9.908970699E2	8.224448982E2
1.141268667E2	9.908234160E2	8.200815641E2
1.141601778E2	9.904589382E2	8.190330369E2
1.141934889E2	9.913508032E2	8.189619294E2
1.142268000E2	9.909007467E2	8.180136581E2
1.142601111E2	9.906225022E2	8.176039868E2
1.142934333E2	9.908394238E2	8.174580611E2
1.143267444E2	9.912136167E2	8.166780338E2
1.143600556E2	9.908444448E2	8.168453450E2
1.143933667E2	9.905366693E2	8.163301481E2
1.144266778E2	9.918404688E2	8.163279963E2
1.144599889E2	9.905776267E2	8.164252502E2
1.144933000E2	9.903115472E2	8.161185717E2
1.145266111E2	9.913494499E2	8.150563524E2
1.145599222E2	9.917648315E2	8.138222472E2
1.145932333E2	9.904975718E2	8.138243991E2
1.146265444E2	9.906112625E2	8.127133338E2
1.146598556E2	9.919790959E2	8.114128040E2
1.146931667E2	9.903845242E2	8.107358767E2
1.147264778E2	9.905964886E2	8.091641942E2
1.147597889E2	9.912506375E2	8.089256517E2
1.147931111E2	9.908602415E2	8.078755549E2
1.148264222E2	9.905014566E2	8.063764193E2
1.148597333E2	9.916232159E2	8.056930536E2
1.148930444E2	9.914544160E2	8.054282159E2
1.149263556E2	9.904846768E2	8.051578842E2
1.149596667E2	9.917054763E2	8.044982277E2
1.149929778E2	9.918573198E2	8.038358054E2
1.150262889E2	9.914101591E2	8.042455506E2
1.150596000E2	9.914031382E2	8.039783447E2
1.150929111E2	9.921629908E2	8.031141979E2
1.151262222E2	9.919626352E2	8.026216242E2
1.151595333E2	9.908770692E2	8.013948405E2
1.151928444E2	9.914133941E2	8.010967122E2
1.152261556E2	9.918723333E2	8.001772997E2
1.152594667E2	9.917547444E2	7.988433072E2
1.152927889E2	9.906984587E2	7.992374157E2
1.153261000E2	9.918721765E2	7.977435347E2
1.153594111E2	9.918255302E2	7.964367860E2
1.153927222E2	9.908155620E2	7.953419867E2
1.154260333E2	9.919107381E2	7.948611855E2
1.154593444E2	9.917550226E2	7.943892364E2
1.154926556E2	9.906551868E2	7.928177641E2
1.155259667E2	9.916317594E2	7.899899525E2
1.155592778E2	9.923489977E2	7.889049166E2
1.155925889E2	9.906114669E2	7.855210630E2
1.156259000E2	9.901527184E2	7.814894114E2
1.156592111E2	9.920755471E2	7.779529314E2
1.156925222E2	9.920122395E2	7.755709937E2
1.157258333E2	9.900330796E2	7.738527180E2
1.157591556E2	9.903714903E2	7.737596372E2
1.157924667E2	9.922382520E2	7.707571859E2
1.158257778E2	9.907891426E2	7.689365018E2
1.158590889E2	9.902130067E2	7.657262822E2
1.158924000E2	9.911610003E2	7.629339083E2
1.159257111E2	9.910316574E2	7.595605550E2
1.159590222E2	9.906944865E2	7.558442828E2
1.159923333E2	9.904568908E2	7.559063793E2
1.160256444E2	9.904970670E2	7.530203363E2
1.160589556E2	9.900599391E2	7.489699406E2
1.160922667E2	9.902540702E2	7.449252567E2
1.161255778E2	9.906663938E2	7.415359193E2
1.161588889E2	9.898047773E2	7.380522072E2
1.161922000E2	9.897579696E2	7.342073029E2
1.162255111E2	9.906381798E2	7.315702820E2
1.162588333E2	9.895074617E2	7.303087898E2
1.162921444E2	9.892318709E2	7.321065948E2
1.163254556E2	9.898876342E2	7.304017578E2
1.163587667E2	9.901614009E2	7.275584648E2
1.163920778E2	9.897525521E2	7.242828036E2
1.164253889E2	9.884204951E2	7.219899584E2
1.164587000E2	9.894049047E2	7.201074596E2
1.164920111E2	9.896990265E2	7.192889453E2
1.165253222E2	9.886662899E2	7.183427609E2
1.165586333E2	9.891658704E2	7.158427020E2
1.165919444E2	9.891793230E2	7.131076308E2
1.166252556E2	9.893455954E2	7.106711483E2
1.166585667E2	9.882979999E2	7.053698647E2
1.166918778E2	9.880133501E2	6.964396997E2
1.167251889E2	9.920478770E2	7.499829045E2
1.167585111E2	9.915290276E2	7.441466976E2
1.167918222E2	9.917312422E2	7.359003831E2
1.168251333E2	9.916876203E2	7.278745904E2
1.168584444E2	9.912810618E2	7.193446811E2
1.168917556E2	9.911434871E2	7.109387808E2
