Ref_4
t	x	y
7.628458889E1	1.404346581E3	8.529476325E2
7.631790000E1	1.404345654E3	8.502523027E2
7.635121111E1	1.404389291E3	8.452769514E2
7.638452222E1	1.405213471E3	8.378578015E2
7.641783333E1	1.405588225E3	8.303265564E2
7.645114444E1	1.406286969E3	8.243874494E2
7.648445556E1	1.406738742E3	8.206066426E2
7.651776667E1	1.406860697E3	8.170541472E2
7.655107778E1	1.406916336E3	8.146075108E2
7.658438889E1	1.406881119E3	8.132742226E2
7.661770000E1	1.406940785E3	8.121010119E2
7.665102222E1	1.406938998E3	8.108507891E2
7.668433333E1	1.406994023E3	8.095501533E2
7.671764444E1	1.406936650E3	8.083710780E2
7.675095556E1	1.406839084E3	8.079253788E2
7.678426667E1	1.407032778E3	8.074860546E2
7.681757778E1	1.406920963E3	8.069522254E2
7.685088889E1	1.406842580E3	8.068393070E2
7.688420000E1	1.406775560E3	8.064405779E2
7.691751111E1	1.406913533E3	8.059847612E2
7.695082222E1	1.406922761E3	8.056351131E2
7.698413333E1	1.407085648E3	8.049083294E2
7.701744444E1	1.407009373E3	8.046023548E2
7.705075556E1	1.406860059E3	8.031371349E2
7.708406667E1	1.407759723E3	8.010062041E2
7.711737778E1	1.407067478E3	7.993175016E2
7.715070000E1	1.407726644E3	7.962030928E2
7.718401111E1	1.408044771E3	7.922947838E2
7.721732222E1	1.408210991E3	7.888262783E2
7.725063333E1	1.408371561E3	7.861629199E2
7.728394444E1	1.408527017E3	7.825237824E2
7.731725556E1	1.409109234E3	7.786346455E2
7.735056667E1	1.409112115E3	7.764384987E2
7.738387778E1	1.409160874E3	7.744136683E2
7.741718889E1	1.409490904E3	7.715324722E2
7.745050000E1	1.409554225E3	7.686697274E2
7.748381111E1	1.409552267E3	7.646663147E2
7.751712222E1	1.409898184E3	7.608006893E2
7.755043333E1	1.409921170E3	7.584079598E2
7.758374444E1	1.409638369E3	7.559507033E2
7.761705556E1	1.409540353E3	7.530485409E2
7.765037778E1	1.410260714E3	7.498590814E2
7.768368889E1	1.410555551E3	7.461416944E2
7.771700000E1	1.411198971E3	7.426203668E2
7.775031111E1	1.411100406E3	7.398522550E2
7.778362222E1	1.411062425E3	7.372707845E2
7.781693333E1	1.411354504E3	7.349976843E2
7.785024444E1	1.411662533E3	7.322662188E2
7.788355556E1	1.411853365E3	7.274936760E2
7.791686667E1	1.412579062E3	7.212849102E2
7.795017778E1	1.413184043E3	7.139113332E2
7.798348889E1	1.413490294E3	7.050195478E2
7.801680000E1	1.414210352E3	6.935061613E2
7.805011111E1	1.415358601E3	6.808629009E2
7.808342222E1	1.415827783E3	6.689023297E2
7.811674444E1	1.416648557E3	6.589420132E2
7.815005556E1	1.416978586E3	6.525657207E2
7.818336667E1	1.417655091E3	6.468974695E2
7.821667778E1	1.417996350E3	6.410768030E2
7.824998889E1	1.418266784E3	6.357287383E2
7.828330000E1	1.418142885E3	6.326389670E2
7.831661111E1	1.418119331E3	6.304951094E2
7.834992222E1	1.418538397E3	6.274506614E2
7.838323333E1	1.418375795E3	6.246396689E2
7.841654444E1	1.418757343E3	6.220927632E2
7.844985556E1	1.419128672E3	6.193858342E2
7.848316667E1	1.419164859E3	6.169335768E2
7.851647778E1	1.419601350E3	6.132996379E2
7.854978889E1	1.419459170E3	6.104794085E2
7.858310000E1	1.419529631E3	6.080376892E2
7.861642222E1	1.419504078E3	6.057435777E2
7.864973333E1	1.420187148E3	6.036220203E2
7.868304444E1	1.420225429E3	6.031074107E2
7.871635556E1	1.420321244E3	6.008034517E2
7.874966667E1	1.420388632E3	5.980708184E2
7.878297778E1	1.420622010E3	5.949092091E2
7.881628889E1	1.420634077E3	5.916430527E2
7.884960000E1	1.420665259E3	5.895919543E2
7.888291111E1	1.421096043E3	5.887988867E2
7.891622222E1	1.420850090E3	5.880823849E2
7.894953333E1	1.420833549E3	5.871972698E2
7.898284444E1	1.420982533E3	5.860724974E2
7.901615556E1	1.420655613E3	5.850010798E2
7.904946667E1	1.420734762E3	5.835846720E2
7.908277778E1	1.421071462E3	5.824985333E2
7.911610000E1	1.420706202E3	5.819835948E2
7.914941111E1	1.421239234E3	5.810392184E2
7.918272222E1	1.420759468E3	5.809487806E2
7.921603333E1	1.420555479E3	5.806102289E2
7.924934444E1	1.420869391E3	5.785654745E2
7.928265556E1	1.421128326E3	5.773346582E2
7.931596667E1	1.421186337E3	5.756459907E2
7.934927778E1	1.421739579E3	5.734172618E2
7.938258889E1	1.421810702E3	5.714684217E2
7.941590000E1	1.421723374E3	5.682533710E2
7.944921111E1	1.421959618E3	5.642355729E2
7.948252222E1	1.422643235E3	5.609416226E2
7.951583333E1	1.422681455E3	5.569061401E2
7.954914444E1	1.423089627E3	5.523534912E2
7.958245556E1	1.423161760E3	5.484730226E2
7.961577778E1	1.423600201E3	5.463538873E2
7.964908889E1	1.423291291E3	5.437912875E2
7.968240000E1	1.423228851E3	5.423056435E2
7.971571111E1	1.423208092E3	5.411206813E2
7.974902222E1	1.423981968E3	5.387182790E2
7.978233333E1	1.424160889E3	5.350846941E2
7.981564444E1	1.424338994E3	5.327091386E2
7.984895556E1	1.424402861E3	5.301148102E2
7.988226667E1	1.424421748E3	5.269595194E2
7.991557778E1	1.424857261E3	5.223503240E2
7.994888889E1	1.425410147E3	5.162288228E2
7.998220000E1	1.425880029E3	5.101926762E2
8.001551111E1	1.426677491E3	5.017367571E2
8.004882222E1	1.426947279E3	4.940066888E2
8.008214444E1	1.427166587E3	4.891979454E2
8.011545556E1	1.427923091E3	4.831654153E2
8.014876667E1	1.428168650E3	4.756350075E2
8.018207778E1	1.427946134E3	4.688290135E2
8.021538889E1	1.428330171E3	4.640968488E2
8.024870000E1	1.428482487E3	4.613292931E2
8.028201111E1	1.428224840E3	4.601061478E2
8.031532222E1	1.428124149E3	4.586682619E2
