Ref_14
t	x	y
1.659268222E2	1.416337651E3	8.669639727E2
1.659601333E2	1.417430164E3	8.569943658E2
1.659934444E2	1.417567948E3	8.494013202E2
1.660267556E2	1.418064977E3	8.430796742E2
1.660600667E2	1.418305192E3	8.359579624E2
1.660933778E2	1.418858983E3	8.273060500E2
1.661266889E2	1.419887887E3	8.162788555E2
1.661600111E2	1.420055734E3	8.096232948E2
1.661933222E2	1.420345905E3	8.042724326E2
1.662266333E2	1.420303510E3	8.001318060E2
1.662599444E2	1.420386285E3	7.985762572E2
1.662932556E2	1.420285060E3	7.971506614E2
1.663265667E2	1.420424089E3	7.951456574E2
1.663598778E2	1.420524237E3	7.936732532E2
1.663931889E2	1.420350299E3	7.921404983E2
1.664265000E2	1.420870086E3	7.898712912E2
1.664598111E2	1.421140770E3	7.871413205E2
1.664931222E2	1.421333575E3	7.850052876E2
1.665264333E2	1.421141457E3	7.828652032E2
1.665597444E2	1.421345132E3	7.810941322E2
1.665930556E2	1.421467167E3	7.795280999E2
1.666263667E2	1.421374483E3	7.763506627E2
1.666596889E2	1.421653824E3	7.733116501E2
1.666930000E2	1.421456259E3	7.712708667E2
1.667263111E2	1.421532682E3	7.703934256E2
1.667596222E2	1.421888178E3	7.684285622E2
1.667929333E2	1.421719762E3	7.659191510E2
1.668262444E2	1.421734178E3	7.625484796E2
1.668595556E2	1.421909248E3	7.588061332E2
1.668928667E2	1.422091173E3	7.551401998E2
1.669261778E2	1.422464318E3	7.490691091E2
1.669594889E2	1.422310218E3	7.425469418E2
1.669928000E2	1.421766364E3	7.360216783E2
1.670261111E2	1.421345405E3	7.328700454E2
1.670594222E2	1.422113612E3	7.295923419E2
1.670927444E2	1.423617075E3	7.266661527E2
1.671260556E2	1.423809726E3	7.230541228E2
1.671593667E2	1.424634699E3	7.191072083E2
1.671926778E2	1.425007188E3	7.163914257E2
1.672259889E2	1.425138870E3	7.142577283E2
1.672593000E2	1.425057675E3	7.128350266E2
1.672926111E2	1.426125020E3	7.090019633E2
1.673259222E2	1.426178372E3	7.066065136E2
1.673592333E2	1.426583664E3	7.017347644E2
1.673925444E2	1.426765755E3	6.968858335E2
1.674258556E2	1.427270199E3	6.931418533E2
1.674591667E2	1.427555001E3	6.888839996E2
1.674924778E2	1.427916467E3	6.804918954E2
1.675257889E2	1.429299521E3	6.611214956E2
1.675591000E2	1.430579845E3	6.410459737E2
1.675924222E2	1.431265213E3	6.309253684E2
1.676257333E2	1.432085755E3	6.193539040E2
1.676590444E2	1.432835779E3	6.065959609E2
1.676923556E2	1.433660233E3	5.973028207E2
1.677256667E2	1.434243654E3	5.899709127E2
1.677589778E2	1.434567878E3	5.839741107E2
1.677922889E2	1.434999364E3	5.800202377E2
1.678256000E2	1.434964631E3	5.775319963E2
1.678589111E2	1.435251648E3	5.747408570E2
1.678922222E2	1.435766846E3	5.698520595E2
1.679255333E2	1.436138790E3	5.636908073E2
1.679588444E2	1.436294218E3	5.592230532E2
1.679921556E2	1.436634745E3	5.549003654E2
1.680254667E2	1.436977491E3	5.494566407E2
1.680587778E2	1.437593687E3	5.403646786E2
1.680921000E2	1.438718200E3	5.243795854E2
1.681254111E2	1.441299428E3	4.920541764E2
1.681587222E2	1.444756052E3	4.487063768E2
1.681920333E2	1.448307305E3	4.072583260E2
1.682253444E2	1.451249816E3	3.675247861E2
1.682586556E2	1.455439177E3	3.192023021E2
1.682919667E2	1.458448054E3	2.831061516E2
1.683252778E2	1.460394646E3	2.592830569E2
1.683585889E2	1.462262439E3	2.369341306E2
