Ref_15
t	x	y
1.770863000E2	1.437416290E3	8.582628107E2
1.771196111E2	1.438247196E3	8.548076964E2
1.771529222E2	1.438385054E3	8.520613032E2
1.771862333E2	1.438787899E3	8.459987399E2
1.772195444E2	1.439402719E3	8.337709399E2
1.772528556E2	1.440536620E3	8.224781917E2
1.772861667E2	1.440915328E3	8.111326674E2
1.773194778E2	1.441566625E3	8.040637969E2
1.773527889E2	1.441823755E3	7.993011937E2
1.773861111E2	1.442113971E3	7.926290788E2
1.774194222E2	1.442826287E3	7.859306053E2
1.774527333E2	1.443164667E3	7.800340199E2
1.774860444E2	1.443261947E3	7.746007018E2
1.775193556E2	1.443965872E3	7.680582337E2
1.775526667E2	1.444308834E3	7.628431916E2
1.775859778E2	1.444385560E3	7.578145267E2
1.776192889E2	1.444562103E3	7.539567274E2
1.776526000E2	1.445318248E3	7.468031066E2
1.776859111E2	1.445721973E3	7.396128246E2
1.777192222E2	1.445953643E3	7.345832174E2
1.777525333E2	1.446691145E3	7.294836507E2
1.777858444E2	1.446999238E3	7.229823552E2
1.778191556E2	1.447404138E3	7.168061600E2
1.778524667E2	1.447781221E3	7.114684125E2
1.778857889E2	1.447966390E3	7.060614210E2
1.779191000E2	1.448387918E3	7.010775297E2
1.779524111E2	1.448524314E3	6.958866324E2
1.779857222E2	1.449029540E3	6.905417685E2
1.780190333E2	1.449382348E3	6.825693003E2
1.780523444E2	1.449655414E3	6.772106474E2
1.780856556E2	1.449936031E3	6.746873474E2
1.781189667E2	1.450330177E3	6.715508388E2
1.781522778E2	1.450434621E3	6.675197132E2
1.781855889E2	1.450815687E3	6.617345456E2
1.782189000E2	1.451907233E3	6.464912948E2
1.782522111E2	1.453925704E3	6.225502745E2
1.782855222E2	1.455410755E3	6.026156454E2
1.783188333E2	1.456811653E3	5.846948501E2
1.783521556E2	1.457029573E3	5.742543486E2
1.783854667E2	1.458006280E3	5.671977263E2
1.784187778E2	1.458389151E3	5.576623416E2
1.784520889E2	1.458940081E3	5.505185573E2
1.784854000E2	1.459314846E3	5.454913854E2
1.785187111E2	1.459467008E3	5.406799079E2
1.785520222E2	1.460192164E3	5.357699482E2
1.785853333E2	1.460608194E3	5.300067173E2
1.786186444E2	1.461198176E3	5.229144793E2
1.786519556E2	1.461632230E3	5.170134370E2
1.786852667E2	1.462160155E3	5.107941027E2
1.787185778E2	1.462946965E3	5.020332600E2
1.787518889E2	1.464018653E3	4.892673111E2
1.787852000E2	1.465594712E3	4.680961879E2
1.788185111E2	1.468299108E3	4.360068012E2
1.788518333E2	1.471699444E3	3.974184911E2
1.788851444E2	1.475023921E3	3.589408169E2
1.789184556E2	1.477854826E3	3.254273824E2
1.789517667E2	1.480618829E3	2.930690074E2
1.789850778E2	1.483813545E3	2.620333299E2
1.790183889E2	1.485656358E3	2.382159982E2
