Wire_8
t	x	y
1.297501333E2	9.983972933E2	8.422229451E2
1.297834444E2	1.000131550E3	8.244215545E2
1.298167556E2	1.000031559E3	8.099146931E2
1.298500667E2	9.996419142E2	8.061434692E2
1.298833778E2	1.000730440E3	8.038143334E2
1.299166889E2	1.000980871E3	8.030954310E2
1.299500111E2	1.000202948E3	8.034968909E2
1.299833222E2	1.000071841E3	8.053855999E2
1.300166333E2	1.001272916E3	8.055542792E2
1.300499444E2	1.000027200E3	8.054693003E2
1.300832556E2	9.997613635E2	8.055934524E2
1.301165667E2	1.000533757E3	8.061657968E2
1.301498778E2	1.000298481E3	8.061608684E2
1.301831889E2	1.000632730E3	8.059488509E2
1.302165000E2	1.000726179E3	8.060355803E2
1.302498111E2	1.000846115E3	8.062217767E2
1.302831222E2	1.000765785E3	8.062733223E2
1.303164333E2	1.000816749E3	8.061950901E2
1.303497444E2	1.000857920E3	8.060960645E2
1.303830556E2	1.000818529E3	8.062084390E2
1.304163667E2	1.000684473E3	8.061686419E2
1.304496889E2	1.000684319E3	8.063059047E2
1.304830000E2	1.001064842E3	8.062216361E2
1.305163111E2	1.000826893E3	8.061827562E2
1.305496222E2	1.000476732E3	8.065557265E2
1.305829333E2	1.000929463E3	8.063973322E2
1.306162444E2	1.000896249E3	8.062086546E2
1.306495556E2	1.000628852E3	8.061673800E2
1.306828667E2	1.000962703E3	8.061330445E2
1.307161778E2	1.000856020E3	8.061323868E2
1.307494889E2	1.000938012E3	8.062111868E2
1.307828000E2	1.000856942E3	8.061031137E2
1.308161111E2	1.000826534E3	8.061038808E2
1.308494222E2	1.000830074E3	8.059772794E2
1.308827333E2	1.000895570E3	8.050762596E2
1.309160556E2	1.000786644E3	8.049824375E2
1.309493667E2	1.000805225E3	8.048563665E2
1.309826778E2	1.001071280E3	8.048026803E2
1.310159889E2	1.000968171E3	8.048921748E2
1.310493000E2	1.000969418E3	8.038196229E2
1.310826111E2	1.000881837E3	8.045706011E2
1.311159222E2	1.000817593E3	8.033359332E2
1.311492333E2	1.001105519E3	8.016550302E2
1.311825444E2	1.000921773E3	8.011127739E2
1.312158556E2	1.000789315E3	7.993718832E2
1.312491667E2	1.000540223E3	7.986864391E2
1.312824778E2	1.000967131E3	7.983332419E2
1.313157889E2	1.001003622E3	7.976045225E2
1.313491000E2	1.000243214E3	7.971806119E2
1.313824111E2	1.000851164E3	7.954622907E2
1.314157333E2	1.000981523E3	7.948912553E2
1.314490444E2	1.000070007E3	7.939397156E2
1.314823556E2	1.000841942E3	7.928360805E2
1.315156667E2	1.001038072E3	7.929564516E2
1.315489778E2	1.000530453E3	7.917216998E2
1.315822889E2	1.000760920E3	7.900163339E2
1.316156000E2	1.001018461E3	7.902241686E2
1.316489111E2	1.001017511E3	7.892439190E2
1.316822222E2	9.999279947E2	7.886614903E2
1.317155333E2	1.001118043E3	7.879721460E2
1.317488444E2	1.001012605E3	7.874770575E2
1.317821556E2	9.998056014E2	7.866201013E2
1.318154667E2	1.000781548E3	7.858104286E2
1.318487778E2	1.000843979E3	7.843762036E2
1.318820889E2	1.000059259E3	7.837447958E2
1.319154111E2	1.000234410E3	7.817180719E2
1.319487222E2	1.000601545E3	7.800129019E2
1.319820333E2	9.997390932E2	7.788959919E2
1.320153444E2	9.996875769E2	7.777086057E2
1.320486556E2	1.000645483E3	7.774849780E2
1.320819667E2	1.000652083E3	7.768885712E2
1.321152778E2	9.999652496E2	7.766772267E2
1.321485889E2	1.000014740E3	7.763221123E2
1.321819000E2	1.000810745E3	7.753486823E2
1.322152111E2	9.996404916E2	7.750094588E2
1.322485222E2	1.000586129E3	7.744991102E2
1.322818333E2	1.000686985E3	7.740210066E2
1.323151444E2	1.000456341E3	7.738362147E2
1.323484556E2	1.000189624E3	7.737739351E2
1.323817667E2	1.000471724E3	7.735400976E2
1.324150889E2	1.000651286E3	7.731403533E2
1.324484000E2	1.000734900E3	7.717588694E2
1.324817111E2	1.000619700E3	7.714011486E2
1.325150222E2	1.000762614E3	7.713803778E2
1.325483333E2	1.000926118E3	7.704309769E2
1.325816444E2	1.000377497E3	7.699219358E2
1.326149556E2	1.000759683E3	7.689370564E2
1.326482667E2	1.000856254E3	7.674292861E2
1.326815778E2	9.990908620E2	8.052659442E2
1.327148889E2	9.991041029E2	8.033833664E2
1.327482000E2	1.000102555E3	8.017352841E2
1.327815111E2	9.995396458E2	7.990773000E2
1.328148222E2	9.997574277E2	7.973843907E2
1.328481333E2	9.996938045E2	7.951128952E2
1.328814556E2	9.997148366E2	7.929898743E2
1.329147667E2	9.995183427E2	7.915499949E2
1.329480778E2	9.993408067E2	7.898123019E2
1.329813889E2	1.000499671E3	7.887850728E2
1.330147000E2	1.000063317E3	7.879940178E2
1.330480111E2	9.998343448E2	7.869098498E2
1.330813222E2	9.996050288E2	7.860169451E2
1.331146333E2	9.997513087E2	7.851891400E2
1.331479444E2	9.997610878E2	7.848719984E2
1.331812556E2	9.996317259E2	7.843445558E2
1.332145667E2	9.995867060E2	7.835810428E2
1.332478778E2	9.996217389E2	7.826852069E2
1.332811889E2	9.999366854E2	7.800938304E2
1.333145000E2	9.991539723E2	7.742375598E2
1.333478111E2	9.985592308E2	8.016290813E2
1.333811333E2	9.997639145E2	7.938495273E2
1.334144444E2	9.986211982E2	7.889393664E2
1.334477556E2	9.985694392E2	7.838325920E2
1.334810667E2	9.984428914E2	7.982354301E2
1.335143778E2	9.984926779E2	7.890516915E2
1.335476889E2	9.981839883E2	8.046646285E2
1.335810000E2	9.979720051E2	7.971102645E2
1.336143111E2	9.983101639E2	7.987051176E2
1.336476222E2	9.983641746E2	7.965087740E2
1.336809333E2	9.992983125E2	7.980518460E2
1.337142444E2	9.990225020E2	8.046630409E2
1.337475556E2	1.000235366E3	7.959225534E2
1.337808667E2	9.996062854E2	8.016645086E2
1.338141778E2	1.000915210E3	8.057631887E2
1.338474889E2	1.012927444E3	8.106021338E2
1.338808111E2	1.021346067E3	8.198553628E2
1.339141222E2	1.023406415E3	8.346831793E2
1.339474333E2	1.023749168E3	8.389871526E2
1.339807444E2	1.023511023E3	8.397226377E2
1.340140556E2	1.023464579E3	8.384648209E2
1.340473667E2	1.024132113E3	8.387402506E2
1.340806778E2	1.023688808E3	8.377731432E2
