Ref_5
t	x	y
8.774386667E1	1.407762992E3	8.644391972E2
8.777717778E1	1.407992890E3	8.557299532E2
8.781048889E1	1.408118085E3	8.494637873E2
8.784380000E1	1.408319533E3	8.434544853E2
8.787711111E1	1.408900102E3	8.395896753E2
8.791043333E1	1.409050960E3	8.359101315E2
8.794374444E1	1.408977163E3	8.338569755E2
8.797705556E1	1.409100840E3	8.311346587E2
8.801036667E1	1.409832483E3	8.282561576E2
8.804367778E1	1.410050093E3	8.244464603E2
8.807698889E1	1.410134537E3	8.203075822E2
8.811030000E1	1.410415837E3	8.168624697E2
8.814361111E1	1.410569244E3	8.143029790E2
8.817692222E1	1.410805984E3	8.119831089E2
8.821023333E1	1.410576962E3	8.098011310E2
8.824354444E1	1.410658965E3	8.060739047E2
8.827685556E1	1.410879960E3	8.028324034E2
8.831016667E1	1.411437744E3	7.985782717E2
8.834347778E1	1.411588196E3	7.936890120E2
8.837678889E1	1.411664267E3	7.911573023E2
8.841011111E1	1.411520333E3	7.888835898E2
8.844342222E1	1.412183938E3	7.862884280E2
8.847673333E1	1.412479297E3	7.826705694E2
8.851004444E1	1.412819960E3	7.805932832E2
8.854335556E1	1.412640061E3	7.790020417E2
8.857666667E1	1.412753609E3	7.785925078E2
8.860997778E1	1.412727520E3	7.776351867E2
8.864328889E1	1.412792697E3	7.774147581E2
8.867660000E1	1.412686030E3	7.763839431E2
8.870991111E1	1.412697070E3	7.741123468E2
8.874322222E1	1.412993745E3	7.700087177E2
8.877653333E1	1.412900772E3	7.665505892E2
8.880984444E1	1.413064593E3	7.651367408E2
8.884315556E1	1.413167141E3	7.636905710E2
8.887646667E1	1.413491937E3	7.624468102E2
8.890978889E1	1.413849360E3	7.611919360E2
8.894310000E1	1.413929181E3	7.597417677E2
8.897641111E1	1.413717395E3	7.567124417E2
8.900972222E1	1.413987903E3	7.529360747E2
8.904303333E1	1.414367111E3	7.463910067E2
8.907634444E1	1.414948261E3	7.404549493E2
8.910965556E1	1.415189352E3	7.356340238E2
8.914296667E1	1.415498633E3	7.318224508E2
8.917627778E1	1.415218429E3	7.293628196E2
8.920958889E1	1.415598431E3	7.264234360E2
8.924290000E1	1.415785515E3	7.239858655E2
8.927621111E1	1.415901401E3	7.227231054E2
8.930952222E1	1.415798142E3	7.191710828E2
8.934283333E1	1.416413161E3	7.161829883E2
8.937615556E1	1.416307585E3	7.121649364E2
8.940946667E1	1.417266172E3	7.065145791E2
8.944277778E1	1.417460235E3	6.994063560E2
8.947608889E1	1.418066597E3	6.905644034E2
8.950940000E1	1.418894354E3	6.817255168E2
8.954271111E1	1.419013810E3	6.744734552E2
8.957602222E1	1.419486190E3	6.680581378E2
8.960933333E1	1.420163548E3	6.628724313E2
8.964264444E1	1.420342663E3	6.568621129E2
8.967595556E1	1.421119959E3	6.470045908E2
8.970926667E1	1.421891169E3	6.367110000E2
8.974257778E1	1.422186166E3	6.264205269E2
8.977588889E1	1.423552742E3	6.170529870E2
8.980920000E1	1.423851114E3	6.098401349E2
8.984251111E1	1.424158956E3	6.046934573E2
8.987583333E1	1.424780636E3	5.995628546E2
8.990914444E1	1.425180367E3	5.943604721E2
8.994245556E1	1.425059615E3	5.879503132E2
8.997576667E1	1.426255011E3	5.809442110E2
9.000907778E1	1.426363598E3	5.751173815E2
9.004238889E1	1.426800632E3	5.709040207E2
9.007570000E1	1.426609022E3	5.676198169E2
9.010901111E1	1.426794617E3	5.639708013E2
9.014232222E1	1.427376547E3	5.613084443E2
9.017563333E1	1.427623580E3	5.561280562E2
9.020894444E1	1.427771765E3	5.502384757E2
9.024225556E1	1.428773713E3	5.426450866E2
9.027556667E1	1.429045806E3	5.362636806E2
9.030887778E1	1.429471204E3	5.313175341E2
9.034218889E1	1.429858148E3	5.276824062E2
9.037551111E1	1.429888247E3	5.243964969E2
9.040882222E1	1.430506949E3	5.211374168E2
9.044213333E1	1.430430964E3	5.175639809E2
9.047544444E1	1.430368395E3	5.142418368E2
9.050875556E1	1.430891860E3	5.115934107E2
9.054206667E1	1.431001072E3	5.095436684E2
9.057537778E1	1.431358006E3	5.088602779E2
9.060868889E1	1.431215061E3	5.070025238E2
9.064200000E1	1.431367948E3	5.054417798E2
9.067531111E1	1.431547327E3	5.040109436E2
9.070862222E1	1.431481184E3	5.006668289E2
9.074193333E1	1.431573897E3	4.955497229E2
9.077524444E1	1.432326976E3	4.885123307E2
9.080855556E1	1.433380014E3	4.756496083E2
