Ref_13
t	x	y
1.568326778E2	1.392440812E3	8.683497485E2
1.568660000E2	1.392475787E3	8.634016451E2
1.568993111E2	1.392995784E3	8.583440290E2
1.569326222E2	1.393283484E3	8.533191111E2
1.569659333E2	1.393661656E3	8.482346320E2
1.569992444E2	1.393824823E3	8.435171393E2
1.570325556E2	1.394047742E3	8.420788497E2
1.570658667E2	1.393844597E3	8.408027825E2
1.570991778E2	1.393914798E3	8.394338329E2
1.571324889E2	1.393872734E3	8.371768385E2
1.571658000E2	1.394009147E3	8.349487983E2
1.571991111E2	1.393921956E3	8.334413486E2
1.572324222E2	1.393869775E3	8.317775832E2
1.572657333E2	1.394007605E3	8.307679841E2
1.572990444E2	1.393838708E3	8.297461582E2
1.573323556E2	1.393853422E3	8.281962283E2
1.573656778E2	1.393917640E3	8.261748561E2
1.573989889E2	1.393901914E3	8.234356217E2
1.574323000E2	1.394154167E3	8.198736279E2
1.574656111E2	1.394774790E3	8.161240261E2
1.574989222E2	1.394837806E3	8.127731848E2
1.575322333E2	1.394934158E3	8.100496121E2
1.575655444E2	1.395002764E3	8.073125767E2
1.575988556E2	1.395316971E3	8.016898239E2
1.576321667E2	1.396109247E3	7.951660211E2
1.576654778E2	1.396211431E3	7.905425125E2
1.576987889E2	1.396242066E3	7.873370601E2
1.577321000E2	1.396541276E3	7.839560979E2
1.577654111E2	1.396590561E3	7.814361010E2
1.577987222E2	1.396285360E3	7.801536375E2
1.578320444E2	1.396381891E3	7.775636866E2
1.578653556E2	1.396830328E3	7.737785584E2
1.578986667E2	1.396660700E3	7.713985817E2
1.579319778E2	1.396566819E3	7.685802970E2
1.579652889E2	1.397158192E3	7.641235686E2
1.579986000E2	1.397230482E3	7.613995698E2
1.580319111E2	1.397558683E3	7.594015872E2
1.580652222E2	1.397582003E3	7.557464977E2
1.580985333E2	1.397802757E3	7.516120068E2
1.581318444E2	1.397721716E3	7.462539299E2
1.581651556E2	1.398472872E3	7.389684953E2
1.581984667E2	1.398638460E3	7.328761379E2
1.582317778E2	1.399761943E3	7.256539934E2
1.582650889E2	1.399989533E3	7.203221445E2
1.582984000E2	1.400431834E3	7.146735390E2
1.583317222E2	1.400442269E3	7.096403461E2
1.583650333E2	1.400042011E3	7.058208415E2
1.583983444E2	1.399915881E3	7.039882717E2
1.584316556E2	1.400218298E3	7.010110479E2
1.584649667E2	1.399838800E3	6.978582255E2
1.584982778E2	1.400766089E3	6.932517718E2
1.585315889E2	1.401277975E3	6.893082656E2
1.585649000E2	1.401173604E3	6.856288151E2
1.585982111E2	1.402159107E3	6.805058449E2
1.586315222E2	1.403238746E3	6.748350195E2
1.586648333E2	1.403574278E3	6.699827446E2
1.586981444E2	1.404060995E3	6.637840691E2
1.587314556E2	1.404849420E3	6.508842455E2
1.587647667E2	1.406041911E3	6.357244438E2
1.587980778E2	1.407081134E3	6.223706113E2
1.588314000E2	1.407604810E3	6.123754360E2
1.588647111E2	1.408247545E3	6.019141803E2
1.588980222E2	1.409360959E3	5.924192256E2
1.589313333E2	1.409906128E3	5.811778634E2
1.589646444E2	1.410992870E3	5.701149324E2
1.589979556E2	1.411813550E3	5.590496587E2
1.590312667E2	1.412646536E3	5.465972452E2
1.590645778E2	1.413558952E3	5.369172888E2
1.590978889E2	1.414677338E3	5.247358972E2
1.591312000E2	1.415906821E3	5.083337234E2
1.591645111E2	1.416596098E3	4.954950955E2
1.591978222E2	1.417947205E3	4.809116475E2
1.592311333E2	1.418730991E3	4.681084993E2
1.592644556E2	1.419900217E3	4.534407016E2
1.592977556E2	1.420896849E3	4.396207567E2
1.593310778E2	1.422230567E3	4.236314489E2
1.593643889E2	1.423526946E3	4.072801943E2
1.593977000E2	1.424632290E3	3.949454839E2
1.594310111E2	1.425128512E3	3.851905604E2
1.594643222E2	1.425866315E3	3.758174326E2
1.594976333E2	1.426808473E3	3.699138638E2
1.595309444E2	1.428293710E3	3.615271944E2
1.595642556E2	1.429663303E3	3.540527023E2
1.595975667E2	1.431388098E3	3.479558639E2
1.596308778E2	1.434670657E3	3.403586060E2
1.596641889E2	1.440203394E3	3.342243224E2
