Wire_4
t	x	y
7.628458889E1	9.970645571E2	8.430243356E2
7.631790000E1	9.970995269E2	8.406783015E2
7.635121111E1	9.970491767E2	8.381100775E2
7.638452222E1	9.966084802E2	8.340908371E2
7.641783333E1	9.971245207E2	8.293101612E2
7.645114444E1	9.976834491E2	8.261600660E2
7.648445556E1	9.971375911E2	8.241209450E2
7.651776667E1	9.973032535E2	8.223140987E2
7.655107778E1	9.972804878E2	8.209257301E2
7.658438889E1	9.979071353E2	8.196463317E2
7.661770000E1	9.971439006E2	8.194627393E2
7.665102222E1	9.971200730E2	8.193474497E2
7.668433333E1	9.974751464E2	8.181339233E2
7.671764444E1	9.970948200E2	8.180845280E2
7.675095556E1	9.972191613E2	8.177631687E2
7.678426667E1	9.968976066E2	8.177502836E2
7.681757778E1	9.971165562E2	8.178316836E2
7.685088889E1	9.977830994E2	8.170986525E2
7.688420000E1	9.969842649E2	8.176592068E2
7.691751111E1	9.970325061E2	8.179291959E2
7.695082222E1	9.980180452E2	8.172415429E2
7.698413333E1	9.978805237E2	8.169990107E2
7.701744444E1	9.974766004E2	8.170556597E2
7.705075556E1	9.978420363E2	8.169429780E2
7.708406667E1	9.983166553E2	8.168979026E2
7.711737778E1	9.972039576E2	8.157294973E2
7.715070000E1	9.980280084E2	8.154970008E2
7.718401111E1	9.981235539E2	8.154277696E2
7.721732222E1	9.979746539E2	8.154589429E2
7.725063333E1	9.983033415E2	8.146937447E2
7.728394444E1	9.985292199E2	8.140520116E2
7.731725556E1	9.992518202E2	8.143203565E2
7.735056667E1	9.976477272E2	8.142774795E2
7.738387778E1	9.990391134E2	8.135204641E2
7.741718889E1	9.996515484E2	8.132029401E2
7.745050000E1	9.991756483E2	8.132838434E2
7.748381111E1	9.983227076E2	8.132323674E2
7.751712222E1	9.997415318E2	8.130224380E2
7.755043333E1	9.994777942E2	8.130344116E2
7.758374444E1	9.982713303E2	8.129525170E2
7.761705556E1	9.995379766E2	8.127235344E2
7.765037778E1	9.998922872E2	8.124334209E2
7.768368889E1	9.987049564E2	8.118770613E2
7.771700000E1	9.994078079E2	8.109740839E2
7.775031111E1	1.000091855E3	8.111731807E2
7.778362222E1	9.997653462E2	8.096829689E2
7.781693333E1	9.987958426E2	8.094305766E2
7.785024444E1	9.996112941E2	8.101544933E2
7.788355556E1	9.995932508E2	8.083298176E2
7.791686667E1	9.989720686E2	8.067167786E2
7.795017778E1	1.000479399E3	8.047682820E2
7.798348889E1	1.000315307E3	8.016728663E2
7.801680000E1	9.999654435E2	7.984051992E2
7.805011111E1	9.999224944E2	7.934328051E2
7.808342222E1	1.001098037E3	7.885373923E2
7.811674444E1	9.997382597E2	7.840974350E2
7.815005556E1	9.998507618E2	7.805821635E2
7.818336667E1	1.000562446E3	7.783247481E2
7.821667778E1	1.000302356E3	7.755476187E2
7.824998889E1	9.994501989E2	7.730392137E2
7.828330000E1	9.999788915E2	7.710996428E2
7.831661111E1	1.000801601E3	7.695668158E2
7.834992222E1	9.996206171E2	7.683907089E2
7.838323333E1	9.995081384E2	7.671501041E2
7.841654444E1	9.996331620E2	7.657964073E2
7.844985556E1	1.000572930E3	7.636805952E2
7.848316667E1	9.999842906E2	7.625134896E2
7.851647778E1	9.994663140E2	7.605431622E2
7.854978889E1	9.997442801E2	7.587142316E2
7.858310000E1	9.997046060E2	7.570396293E2
7.861642222E1	9.996583723E2	7.558827614E2
7.864973333E1	9.995924229E2	7.547409329E2
7.868304444E1	9.997572681E2	7.546405949E2
7.871635556E1	9.994478532E2	7.530630608E2
7.874966667E1	9.996211054E2	7.511015247E2
7.878297778E1	9.992383517E2	7.495375770E2
7.881628889E1	9.993668011E2	7.473610275E2
7.884960000E1	9.995353690E2	7.460984350E2
7.888291111E1	9.992439013E2	7.455097219E2
7.891622222E1	9.996543099E2	7.453955943E2
7.894953333E1	9.994917139E2	7.448664232E2
7.898284444E1	9.998560321E2	7.440964404E2
7.901615556E1	9.995498102E2	7.434265639E2
7.904946667E1	9.993425440E2	7.424687419E2
7.908277778E1	9.994447798E2	7.418584549E2
7.911610000E1	9.996908881E2	7.415278118E2
7.914941111E1	9.996451963E2	7.411737664E2
7.918272222E1	9.992044796E2	7.408170329E2
7.921603333E1	9.994072429E2	7.409491306E2
7.924934444E1	9.994652095E2	7.391455153E2
7.928265556E1	9.993126535E2	7.384447678E2
7.931596667E1	9.993906575E2	7.372116346E2
7.934927778E1	9.996271804E2	7.358873482E2
7.938258889E1	9.990858119E2	7.344311946E2
7.941590000E1	9.986727105E2	7.325459978E2
7.944921111E1	9.996207729E2	7.313542061E2
7.948252222E1	9.991086109E2	7.287231455E2
7.951583333E1	9.982639611E2	7.260736945E2
7.954914444E1	9.992783232E2	7.226916124E2
7.958245556E1	9.989905478E2	7.199018836E2
7.961577778E1	9.984752846E2	7.186779291E2
7.964908889E1	9.981394963E2	7.165170826E2
7.968240000E1	9.995833422E2	7.155488947E2
7.971571111E1	9.982438618E2	7.145913123E2
7.974902222E1	9.982547164E2	7.127917244E2
7.978233333E1	9.986765677E2	7.104293969E2
7.981564444E1	9.984280091E2	7.087949483E2
7.984895556E1	9.980668133E2	7.063715929E2
7.988226667E1	9.981994343E2	7.037391800E2
7.991557778E1	9.984338061E2	6.989723258E2
7.994888889E1	9.974109158E2	7.175964921E2
7.998220000E1	9.982529436E2	7.125786311E2
8.001551111E1	9.981140671E2	7.062713361E2
8.004882222E1	9.974858198E2	7.002041974E2
8.008214444E1	9.968424033E2	6.962636509E2
8.011545556E1	9.975979768E2	6.919366400E2
8.014876667E1	9.972904853E2	6.855090129E2
