Wire_5
t	x	y
8.774386667E1	9.832772079E2	8.402847141E2
8.777717778E1	9.827587588E2	8.367994457E2
8.781048889E1	9.835702912E2	8.326979026E2
8.784380000E1	9.835530347E2	8.296697083E2
8.787711111E1	9.832846138E2	8.268869023E2
8.791043333E1	9.825007451E2	8.250560793E2
8.794374444E1	9.838490304E2	8.240882162E2
8.797705556E1	9.823174685E2	8.225731058E2
8.801036667E1	9.819836235E2	8.212942357E2
8.804367778E1	9.832918416E2	8.191511246E2
8.807698889E1	9.834115602E2	8.171566907E2
8.811030000E1	9.822503554E2	8.156994075E2
8.814361111E1	9.828997413E2	8.143041844E2
8.817692222E1	9.847133319E2	8.158029248E2
8.821023333E1	9.823832701E2	8.155160251E2
8.824354444E1	9.829763403E2	8.141906290E2
8.827685556E1	9.838770308E2	8.144750730E2
8.831016667E1	9.833031329E2	8.136829669E2
8.834347778E1	9.823442886E2	8.150837165E2
8.837678889E1	9.841932581E2	8.145828278E2
8.841011111E1	9.837597035E2	8.150945358E2
8.844342222E1	9.825229050E2	8.154031721E2
8.847673333E1	9.832733521E2	8.153164837E2
8.851004444E1	9.841611316E2	8.155440082E2
8.854335556E1	9.841519329E2	8.154010559E2
8.857666667E1	9.832907646E2	8.153027474E2
8.860997778E1	9.843545534E2	8.164916159E2
8.864328889E1	9.842711960E2	8.165579722E2
8.867660000E1	9.833077671E2	8.164108275E2
8.870991111E1	9.843133056E2	8.163234363E2
8.874322222E1	9.842088751E2	8.152093930E2
8.877653333E1	9.838749010E2	8.166558068E2
8.880984444E1	9.843404392E2	8.156406783E2
8.884315556E1	9.850607152E2	8.157471032E2
8.887646667E1	9.844265079E2	8.158024283E2
8.890978889E1	9.844938401E2	8.152243381E2
8.894310000E1	9.846571259E2	8.155786771E2
8.897641111E1	9.846100876E2	8.152250839E2
8.900972222E1	9.843669727E2	8.142667043E2
8.904303333E1	9.844436530E2	8.141266225E2
8.907634444E1	9.859101064E2	8.129078744E2
8.910965556E1	9.842086518E2	8.124042314E2
8.914296667E1	9.854162359E2	8.120041606E2
8.917627778E1	9.859553258E2	8.110032099E2
8.920958889E1	9.856305957E2	8.106061867E2
8.924290000E1	9.856768239E2	8.094857182E2
8.927621111E1	9.856861537E2	8.092001945E2
8.930952222E1	9.860089138E2	8.088705821E2
8.934283333E1	9.856594693E2	8.067469346E2
8.937615556E1	9.855243090E2	8.079351344E2
8.940946667E1	9.868195317E2	8.059109370E2
8.944277778E1	9.867465914E2	8.040746101E2
8.947608889E1	9.858351910E2	8.007513063E2
8.950940000E1	9.869216037E2	7.973691239E2
8.954271111E1	9.870842069E2	7.951851174E2
8.957602222E1	9.858385148E2	7.926345016E2
8.960933333E1	9.869812518E2	7.896334924E2
8.964264444E1	9.869284703E2	7.867806992E2
8.967595556E1	9.871245098E2	7.822180842E2
8.970926667E1	9.859334438E2	7.768151646E2
8.974257778E1	9.864398793E2	7.710636534E2
8.977588889E1	9.870519747E2	7.653951760E2
8.980920000E1	9.861341453E2	7.619398635E2
8.984251111E1	9.858358184E2	7.591810249E2
8.987583333E1	9.857381553E2	7.555338194E2
8.990914444E1	9.860080586E2	7.521450502E2
8.994245556E1	9.855049875E2	7.481938125E2
8.997576667E1	9.860454408E2	7.438948976E2
9.000907778E1	9.850777965E2	7.400287378E2
9.004238889E1	9.850175759E2	7.369688325E2
9.007570000E1	9.858735655E2	7.347061332E2
9.010901111E1	9.847256898E2	7.323464991E2
9.014232222E1	9.845256426E2	7.304767735E2
9.017563333E1	9.847559242E2	7.262455488E2
9.020894444E1	9.847770585E2	7.232350735E2
