Wire_12
t	x	y
1.489710778E2	9.878310453E2	8.199164215E2
1.490043889E2	9.910562592E2	8.072344855E2
1.490377111E2	9.907529116E2	8.151659611E2
1.490710222E2	9.900923239E2	8.161467816E2
1.491043333E2	9.924954194E2	8.183904557E2
1.491376444E2	9.904318110E2	8.193990974E2
1.491709556E2	9.896453670E2	8.189992157E2
1.492042667E2	9.916750347E2	8.186624062E2
1.492375778E2	9.917795331E2	8.186247239E2
1.492708889E2	9.900846284E2	8.190101052E2
1.493042000E2	9.914791671E2	8.191780401E2
1.493375111E2	9.920110852E2	8.196966495E2
1.493708222E2	9.913407611E2	8.193701609E2
1.494041333E2	9.904449738E2	8.197424828E2
1.494374444E2	9.916515993E2	8.199718985E2
1.494707556E2	9.915189196E2	8.197697973E2
1.495040667E2	9.901031638E2	8.195850918E2
1.495373889E2	9.916041935E2	8.198839017E2
1.495707000E2	9.918557199E2	8.197970919E2
1.496040111E2	9.907665143E2	8.190659638E2
1.496373222E2	9.904885066E2	8.198322766E2
1.496706333E2	9.916468704E2	8.188939340E2
1.497039444E2	9.912499846E2	8.178391833E2
1.497372556E2	9.913288743E2	8.162028437E2
1.497705667E2	9.926790469E2	8.173170014E2
1.498038778E2	9.915276400E2	8.176154305E2
1.498371889E2	9.911571650E2	8.156691999E2
1.498705000E2	9.919384200E2	8.132907091E2
1.499038111E2	9.918395626E2	8.099036368E2
1.499371222E2	9.904728951E2	8.072204454E2
1.499704333E2	9.914613172E2	8.023595577E2
1.500037556E2	9.923213339E2	7.986401673E2
1.500370667E2	9.905875880E2	7.930185400E2
1.500703778E2	9.903292375E2	7.977614736E2
1.501036889E2	9.922904363E2	7.914211527E2
1.501370000E2	9.907937170E2	7.839163647E2
1.501703111E2	9.904248343E2	7.739897316E2
1.502036222E2	9.878480890E2	8.119655011E2
1.502369333E2	9.879256379E2	7.976065286E2
1.502702444E2	9.865984944E2	8.072989014E2
1.503035556E2	9.863505172E2	8.015607333E2
1.503368667E2	9.875163343E2	7.939044841E2
1.503701778E2	9.863702553E2	8.123810515E2
1.504034889E2	9.854791139E2	8.059797995E2
1.504368000E2	9.867429474E2	8.001605979E2
1.504701111E2	9.863733368E2	8.041604730E2
1.505034333E2	9.853022940E2	8.035163228E2
1.505367444E2	9.861865056E2	8.023033902E2
1.505700556E2	9.867841532E2	8.088663784E2
1.506033667E2	9.851872425E2	8.138987247E2
1.506366778E2	9.855695211E2	8.195129667E2
